53 4 9
3.24E-05 3.24E-04 3.24E-03 1.35E-02 
1.30E+01 1.50E+01 2.00E+01 2.50E+01 3.00E+01 4.00E+01 6.00E+01 8.00E+01 1.20E+02 
H    1
9.063E-01 1.263E+00 1.317E+00 1.499E+00 1.592E+00 1.106E+01 1.308E+01 1.875E+01 2.521E+01 
1.431E+00 1.437E+00 1.667E+00 1.095E-01 2.202E+00 1.192E+01 1.520E+01 1.900E+01 2.302E+01 
1.092E+00 1.486E+00 3.908E+00 5.282E+00 2.643E+00 1.103E+01 1.570E+01 1.890E+01 2.510E+01 
4.732E+00 5.121E+00 6.224E+00 7.586E+00 8.608E+00 1.141E+01 1.671E+01 2.192E+01 3.228E+01 
He   2
3.436E-01 4.935E-01 5.199E-01 6.301E-01 7.207E-01 4.333E+00 4.981E+00 7.538E+00 1.999E+01 
5.654E-01 5.861E-01 7.612E-01 3.651E-02 1.043E+00 6.216E+00 8.697E+00 1.231E+01 2.384E+01 
5.141E-01 7.166E-01 2.196E+00 3.450E+00 1.447E+00 7.596E+00 1.666E+01 2.121E+01 4.978E+01 
3.097E+00 3.454E+00 5.780E+00 7.714E+00 9.540E+00 1.391E+01 2.220E+01 3.058E+01 5.768E+01 
Li   3
2.091E-12 6.628E-12 3.864E-12 7.178E-12 4.358E-12 6.538E-09 2.154E-09 8.469E-10 2.847E-10 
2.515E-12 2.757E-12 4.066E-12 7.934E-12 2.671E-11 1.872E-08 1.615E-08 8.861E-09 1.573E-10 
2.111E-11 3.129E-11 2.740E-11 6.761E-11 8.036E-11 1.375E-09 4.987E-08 3.934E-08 2.146E-10 
6.202E-11 1.198E-10 2.746E-10 4.833E-10 5.884E-10 8.527E-10 1.954E-09 1.226E-09 1.911E-09 
Be   4
2.065E-16 5.881E-16 3.754E-16 6.042E-16 2.053E-16 1.244E-16 9.881E-17 1.256E-16 7.903E-16 
9.261E-16 1.684E-15 4.601E-15 9.344E-15 1.477E-14 1.365E-14 1.001E-14 1.289E-14 3.183E-14 
6.864E-14 1.206E-13 3.288E-13 6.376E-13 9.670E-13 1.645E-12 7.570E-13 1.172E-12 2.415E-12 
1.812E-12 3.355E-12 7.671E-12 1.447E-11 1.780E-11 2.207E-11 3.783E-11 2.929E-11 4.653E-11 
B    5
1.476E-13 2.695E-13 1.558E-13 1.382E-13 3.842E-14 4.009E-14 4.574E-14 1.190E-13 8.367E-13 
4.151E-12 4.120E-12 4.150E-12 1.315E-12 2.391E-12 4.180E-12 3.530E-12 4.515E-12 7.513E-12 
6.130E-11 8.526E-11 1.945E-10 2.487E-10 2.077E-10 2.990E-10 3.534E-10 4.232E-10 1.054E-09 
2.792E-09 3.072E-09 3.454E-09 3.950E-09 4.485E-09 6.087E-09 9.922E-09 1.109E-08 2.119E-08 
C    6
1.838E-06 2.679E-06 3.198E-06 5.991E-06 1.053E-05 8.519E-06 1.328E-05 2.144E-05 5.075E-05 
3.731E-05 3.972E-05 4.735E-05 4.410E-06 2.601E-05 1.217E-02 3.966E-02 1.230E-01 5.337E-01 
3.762E-04 5.357E-04 1.423E-03 1.751E-03 9.639E-04 1.479E-03 1.001E+00 1.835E+00 1.916E+00 
9.242E-03 9.590E-03 9.557E-02 2.038E-01 3.085E-01 5.064E-01 1.124E+00 1.725E+00 2.038E+00 
N    7
1.772E-05 1.987E-05 5.615E-05 2.763E-04 9.514E-05 1.704E-04 2.008E-04 3.364E-04 1.400E-03 
2.147E-04 2.452E-04 5.583E-04 6.789E-06 4.021E-04 1.718E-02 2.838E-02 4.333E-02 6.203E-02 
2.186E-03 2.964E-03 8.703E-03 1.347E-02 4.089E-03 3.105E-02 4.770E-02 5.805E-02 1.220E-01 
3.327E-02 3.572E-02 6.685E-02 8.547E-02 1.074E-01 1.614E-01 2.420E-01 3.346E-01 5.711E-01 
O    8
2.167E-05 2.979E-05 4.084E-05 1.140E-04 4.424E-05 2.124E-04 2.439E-04 3.015E-04 3.298E-04 
3.220E-04 3.279E-04 4.507E-04 2.607E-05 3.890E-04 7.317E-03 2.661E-02 7.044E-02 2.406E-01 
2.571E-03 3.530E-03 8.998E-03 1.103E-02 5.196E-03 1.332E-02 1.596E-01 3.412E-01 2.901E-01 
3.179E-02 3.315E-02 6.073E-02 8.124E-02 1.045E-01 1.380E-01 2.288E-01 3.504E-01 3.458E-01 
F    9
4.427E-10 6.248E-10 6.354E-10 7.259E-10 5.367E-10 4.894E-09 5.954E-09 7.222E-09 6.201E-09 
7.626E-09 7.544E-09 8.461E-09 6.507E-10 5.738E-09 5.608E-08 6.506E-08 7.629E-08 8.035E-08 
5.782E-08 7.822E-08 1.968E-07 2.316E-07 1.202E-07 1.483E-07 3.404E-06 3.395E-06 6.534E-06 
2.453E-06 2.571E-06 3.288E-06 4.223E-06 4.650E-06 6.840E-06 1.960E-05 1.363E-05 2.643E-05 
Ne  10
1.411E-06 1.989E-06 2.040E-06 2.398E-06 2.350E-06 1.627E-05 1.904E-05 2.585E-05 2.723E-05 
2.346E-05 2.367E-05 2.806E-05 1.791E-06 3.602E-05 2.312E-04 3.452E-04 5.871E-04 1.609E-03 
1.996E-04 2.733E-04 7.448E-04 1.042E-03 4.870E-04 2.117E-03 1.672E-02 2.572E-02 3.536E-02 
9.745E-03 1.060E-02 1.722E-02 2.446E-02 3.109E-02 4.738E-02 9.361E-02 1.389E-01 2.242E-01 
Na  11
1.839E-07 2.225E-07 2.419E-07 2.472E-07 3.021E-07 1.805E-06 1.837E-06 2.705E-06 2.540E-06 
2.555E-06 2.731E-06 3.956E-06 1.004E-07 6.212E-06 3.448E-05 4.568E-05 6.220E-05 9.750E-05 
1.471E-05 2.055E-05 7.027E-05 1.230E-04 4.568E-05 3.181E-04 6.588E-04 8.511E-04 1.958E-03 
6.221E-04 6.920E-04 1.237E-03 1.721E-03 2.243E-03 3.510E-03 5.949E-03 8.566E-03 1.559E-02 
Mg  12
1.578E-06 2.255E-06 2.373E-06 2.833E-06 3.077E-06 2.037E-05 2.312E-05 3.288E-05 3.318E-05 
2.471E-05 2.497E-05 2.965E-05 1.831E-06 3.927E-05 2.202E-04 2.913E-04 3.849E-04 5.966E-04 
2.033E-04 2.784E-04 7.656E-04 1.085E-03 5.107E-04 2.299E-03 4.003E-03 5.105E-03 8.821E-03 
5.647E-03 6.185E-03 8.702E-03 1.113E-02 1.325E-02 1.852E-02 2.867E-02 3.896E-02 6.490E-02 
Al  13
1.035E-07 1.288E-07 1.638E-07 1.785E-07 2.665E-07 1.758E-06 2.743E-06 5.366E-06 1.502E-05 
1.765E-06 1.875E-06 2.616E-06 1.034E-07 3.981E-06 2.445E-05 3.777E-05 5.970E-05 1.413E-04 
1.043E-05 1.474E-05 4.708E-05 7.818E-05 3.395E-05 1.942E-04 5.207E-04 7.059E-04 1.702E-03 
4.680E-04 5.104E-04 7.777E-04 1.023E-03 1.249E-03 1.807E-03 3.000E-03 4.273E-03 8.161E-03 
Si  14
2.167E-06 3.053E-06 3.207E-06 3.757E-06 4.167E-06 2.717E-05 3.252E-05 4.929E-05 1.331E-04 
3.440E-05 3.487E-05 4.191E-05 2.514E-06 5.605E-05 3.145E-04 4.165E-04 5.504E-04 8.528E-04 
2.775E-04 3.806E-04 1.055E-03 1.508E-03 7.062E-04 3.216E-03 5.794E-03 7.317E-03 1.334E-02 
5.317E-03 5.821E-03 8.228E-03 1.055E-02 1.257E-02 1.759E-02 2.729E-02 3.702E-02 6.263E-02 
P   15
7.376E-09 1.038E-08 1.086E-08 1.262E-08 1.374E-08 9.094E-08 1.066E-07 1.555E-07 2.771E-07 
1.173E-07 1.188E-07 1.427E-07 8.568E-09 1.907E-07 1.073E-06 1.425E-06 1.905E-06 3.157E-06 
9.467E-07 1.298E-06 3.598E-06 5.145E-06 2.407E-06 1.096E-05 2.171E-05 2.871E-05 5.031E-05 
4.658E-05 5.100E-05 7.219E-05 9.262E-05 1.105E-04 1.548E-04 2.409E-04 3.301E-04 5.569E-04 
S   16
8.714E-07 1.224E-06 1.281E-06 1.485E-06 1.612E-06 1.073E-05 1.259E-05 1.833E-05 3.151E-05 
1.393E-05 1.411E-05 1.694E-05 1.018E-06 2.263E-05 1.267E-04 1.673E-04 2.199E-04 3.327E-04 
1.124E-04 1.542E-04 4.272E-04 6.110E-04 2.861E-04 1.303E-03 2.343E-03 2.956E-03 5.390E-03 
2.473E-03 2.708E-03 3.827E-03 4.905E-03 5.844E-03 8.180E-03 1.269E-02 1.721E-02 2.911E-02 
Cl  17
1.032E-08 1.451E-08 1.517E-08 1.760E-08 1.911E-08 1.272E-07 1.492E-07 2.171E-07 3.735E-07 
1.650E-07 1.672E-07 2.008E-07 1.206E-08 2.681E-07 1.518E-06 2.029E-06 2.756E-06 4.730E-06 
1.334E-06 1.830E-06 5.071E-06 7.253E-06 3.389E-06 1.543E-05 3.465E-05 4.873E-05 8.114E-05 
6.560E-05 7.182E-05 1.020E-04 1.311E-04 1.568E-04 2.204E-04 3.463E-04 4.825E-04 8.086E-04 
Ar  18
1.878E-07 2.639E-07 2.761E-07 3.200E-07 3.475E-07 2.314E-06 2.715E-06 3.951E-06 6.793E-06 
3.002E-06 3.042E-06 3.651E-06 2.195E-07 4.879E-06 2.729E-05 3.600E-05 4.725E-05 7.086E-05 
2.423E-05 3.323E-05 9.209E-05 1.317E-04 6.167E-05 2.808E-04 4.978E-04 6.228E-04 1.144E-03 
5.331E-04 5.837E-04 8.245E-04 1.056E-03 1.258E-03 1.760E-03 2.725E-03 3.682E-03 6.237E-03 
K   19
3.858E-09 5.421E-09 5.671E-09 6.579E-09 7.140E-09 4.753E-08 5.576E-08 8.114E-08 1.396E-07 
6.167E-08 6.250E-08 7.508E-08 4.508E-09 1.002E-07 5.707E-07 7.654E-07 1.045E-06 1.784E-06 
4.991E-07 6.846E-07 1.897E-06 2.713E-06 1.266E-06 5.767E-06 1.472E-05 2.133E-05 3.456E-05 
2.452E-05 2.684E-05 3.833E-05 4.949E-05 5.943E-05 8.396E-05 1.339E-04 1.905E-04 3.174E-04 
Ca  20
1.808E-07 2.540E-07 2.657E-07 3.080E-07 3.344E-07 2.227E-06 2.613E-06 3.802E-06 6.537E-06 
2.889E-06 2.927E-06 3.514E-06 2.112E-07 4.695E-06 2.627E-05 3.467E-05 4.556E-05 6.875E-05 
2.332E-05 3.198E-05 8.862E-05 1.267E-04 5.934E-05 2.702E-04 4.822E-04 6.060E-04 1.109E-03 
5.130E-04 5.617E-04 7.935E-04 1.017E-03 1.211E-03 1.694E-03 2.624E-03 3.551E-03 6.013E-03 
Sc  21
5.849E-11 8.217E-11 8.596E-11 9.974E-11 1.083E-10 7.204E-10 8.452E-10 1.230E-09 2.120E-09 
9.348E-10 9.474E-10 1.138E-09 6.834E-11 1.519E-09 8.707E-09 1.178E-08 1.669E-08 3.839E-08 
7.568E-09 1.038E-08 2.879E-08 4.118E-08 1.920E-08 8.742E-08 2.370E-07 3.552E-07 5.575E-07 
3.717E-07 4.069E-07 5.820E-07 7.526E-07 9.054E-07 1.282E-06 2.057E-06 2.916E-06 4.852E-06 
Ti  22
7.840E-09 1.102E-08 1.152E-08 1.336E-08 1.450E-08 9.657E-08 1.133E-07 1.649E-07 2.836E-07 
1.253E-07 1.270E-07 1.524E-07 9.161E-09 2.036E-07 1.140E-06 1.506E-06 1.983E-06 3.041E-06 
1.012E-06 1.387E-06 3.844E-06 5.497E-06 2.573E-06 1.172E-05 2.121E-05 2.688E-05 4.883E-05 
2.496E-05 2.733E-05 3.864E-05 4.953E-05 5.902E-05 8.263E-05 1.282E-04 1.742E-04 2.945E-04 
V   23
3.993E-10 5.611E-10 5.869E-10 6.804E-10 7.388E-10 4.919E-09 5.772E-09 8.399E-09 1.444E-08 
6.382E-09 6.468E-09 7.763E-09 4.667E-10 1.037E-08 5.808E-08 7.663E-08 1.006E-07 1.515E-07 
5.154E-08 7.068E-08 1.958E-07 2.800E-07 1.311E-07 5.970E-07 1.088E-06 1.370E-06 2.487E-06 
2.538E-06 2.778E-06 3.942E-06 5.068E-06 6.053E-06 8.502E-06 1.332E-05 1.810E-05 3.059E-05 
Cr  24
2.091E-08 2.937E-08 3.073E-08 3.562E-08 3.868E-08 2.575E-07 3.022E-07 4.397E-07 7.560E-07 
3.341E-07 3.386E-07 4.064E-07 2.443E-08 5.430E-07 3.039E-06 4.012E-06 5.274E-06 7.962E-06 
2.697E-06 3.699E-06 1.025E-05 1.466E-05 6.863E-06 3.125E-05 5.614E-05 7.077E-05 1.291E-04 
1.328E-04 1.454E-04 2.055E-04 2.634E-04 3.138E-04 4.392E-04 6.810E-04 9.234E-04 1.562E-03 
Mn  25
1.362E-08 1.914E-08 2.002E-08 2.321E-08 2.520E-08 1.678E-07 1.968E-07 2.864E-07 4.925E-07 
2.177E-07 2.206E-07 2.648E-07 1.592E-08 3.537E-07 1.988E-06 2.628E-06 3.461E-06 5.205E-06 
1.760E-06 2.413E-06 6.684E-06 9.557E-06 4.471E-06 2.036E-05 4.065E-05 5.277E-05 9.259E-05 
8.659E-05 9.477E-05 1.357E-04 1.755E-04 2.110E-04 2.985E-04 4.778E-04 6.667E-04 1.116E-03 
Fe  26
1.627E-06 2.286E-06 2.391E-06 2.771E-06 3.009E-06 2.004E-05 2.351E-05 3.421E-05 5.883E-05 
2.600E-05 2.634E-05 3.162E-05 1.901E-06 4.225E-05 2.365E-04 3.121E-04 4.102E-04 6.184E-04 
2.099E-04 2.878E-04 7.975E-04 1.140E-03 5.340E-04 2.432E-03 4.367E-03 5.504E-03 1.004E-02 
1.033E-02 1.132E-02 1.599E-02 2.050E-02 2.442E-02 3.417E-02 5.298E-02 7.184E-02 1.216E-01 
Co  27
5.305E-09 7.454E-09 7.797E-09 9.044E-09 9.818E-09 6.534E-08 7.667E-08 1.116E-07 1.920E-07 
8.479E-08 8.593E-08 1.032E-07 6.199E-09 1.378E-07 7.858E-07 1.063E-06 1.495E-06 3.007E-06 
6.857E-07 9.407E-07 2.608E-06 3.731E-06 1.741E-06 7.930E-06 1.897E-05 2.795E-05 4.472E-05 
3.373E-05 3.691E-05 5.317E-05 6.912E-05 8.357E-05 1.190E-04 1.946E-04 2.826E-04 4.641E-04 
Ni  28
8.972E-08 1.261E-07 1.319E-07 1.529E-07 1.660E-07 1.105E-06 1.297E-06 1.887E-06 3.245E-06 
1.434E-06 1.453E-06 1.744E-06 1.048E-07 2.330E-06 1.305E-05 1.724E-05 2.274E-05 3.550E-05 
1.157E-05 1.587E-05 4.398E-05 6.290E-05 2.945E-05 1.341E-04 2.396E-04 3.028E-04 5.519E-04 
5.700E-04 6.241E-04 8.811E-04 1.128E-03 1.343E-03 1.879E-03 2.905E-03 3.932E-03 6.656E-03 
Cu  29
9.066E-10 1.274E-09 1.332E-09 1.546E-09 1.678E-09 1.117E-08 1.310E-08 1.907E-08 3.293E-08 
1.449E-08 1.469E-08 1.765E-08 1.059E-09 2.354E-08 1.352E-07 1.847E-07 2.714E-07 7.508E-07 
1.172E-07 1.608E-07 4.463E-07 6.384E-07 2.976E-07 1.355E-06 3.427E-06 5.245E-06 8.161E-06 
5.764E-06 6.308E-06 9.031E-06 1.168E-05 1.404E-05 1.988E-05 3.192E-05 4.719E-05 7.727E-05 
Zn  30
2.187E-09 3.073E-09 3.214E-09 3.726E-09 4.046E-09 2.694E-08 3.161E-08 4.599E-08 7.921E-08 
3.495E-08 3.542E-08 4.252E-08 2.556E-09 5.680E-08 3.190E-07 4.235E-07 5.700E-07 1.066E-06 
2.822E-07 3.870E-07 1.073E-06 1.534E-06 7.179E-07 3.269E-06 6.072E-06 7.955E-06 1.407E-05 
1.389E-05 1.521E-05 2.149E-05 2.753E-05 3.278E-05 4.586E-05 7.104E-05 9.694E-05 1.634E-04 
Ga  31
7.042E-11 9.893E-11 1.035E-10 1.200E-10 1.303E-10 8.673E-10 1.018E-09 1.481E-09 2.554E-09 
1.125E-09 1.140E-09 1.369E-09 8.228E-11 1.829E-09 1.030E-08 1.369E-08 1.848E-08 3.633E-08 
9.093E-09 1.247E-08 3.456E-08 4.943E-08 2.311E-08 1.053E-07 2.116E-07 2.842E-07 4.924E-07 
4.475E-07 4.899E-07 6.963E-07 8.961E-07 1.072E-06 1.508E-06 2.373E-06 3.316E-06 5.558E-06 
Ge  32
2.987E-10 4.197E-10 4.390E-10 5.090E-10 5.527E-10 3.680E-09 4.318E-09 6.283E-09 1.082E-08 
4.774E-09 4.838E-09 5.808E-09 3.491E-10 7.759E-09 4.352E-08 5.760E-08 7.656E-08 1.308E-07 
3.855E-08 5.286E-08 1.465E-07 2.095E-07 9.806E-08 4.466E-07 8.274E-07 1.069E-06 1.913E-06 
1.898E-06 2.078E-06 2.939E-06 3.768E-06 4.491E-06 6.289E-06 9.768E-06 1.335E-05 2.251E-05 
As  33
1.377E-11 1.934E-11 2.023E-11 2.346E-11 2.547E-11 1.696E-10 1.990E-10 2.896E-10 4.984E-10 
2.200E-10 2.230E-10 2.676E-10 1.609E-11 3.576E-10 2.003E-09 2.647E-09 3.499E-09 5.654E-09 
1.776E-09 2.436E-09 6.750E-09 9.654E-09 4.520E-09 2.058E-08 3.694E-08 4.699E-08 8.527E-08 
8.746E-08 9.577E-08 1.351E-07 1.730E-07 2.060E-07 2.880E-07 4.450E-07 6.036E-07 1.021E-06 
Se  34
1.591E-10 2.235E-10 2.338E-10 2.711E-10 2.943E-10 1.960E-09 2.299E-09 3.346E-09 5.757E-09 
2.543E-09 2.577E-09 3.093E-09 1.859E-10 4.132E-09 2.314E-08 3.055E-08 4.025E-08 6.293E-08 
2.053E-08 2.815E-08 7.800E-08 1.115E-07 5.223E-08 2.378E-07 4.289E-07 5.424E-07 9.889E-07 
1.011E-06 1.107E-06 1.564E-06 2.004E-06 2.388E-06 3.342E-06 5.180E-06 7.031E-06 1.191E-05 
Br  35
2.552E-11 3.585E-11 3.750E-11 4.347E-11 4.721E-11 3.143E-10 3.688E-10 5.366E-10 9.231E-10 
4.078E-10 4.132E-10 4.960E-10 2.982E-11 6.627E-10 3.708E-09 4.892E-09 6.432E-09 9.887E-09 
3.292E-09 4.514E-09 1.251E-08 1.789E-08 8.376E-09 3.814E-08 6.751E-08 8.475E-08 1.557E-07 
1.621E-07 1.775E-07 2.504E-07 3.204E-07 3.813E-07 5.326E-07 8.212E-07 1.109E-06 1.878E-06 
Kr  36
1.372E-10 1.928E-10 2.017E-10 2.338E-10 2.539E-10 1.691E-09 1.983E-09 2.886E-09 4.966E-09 
2.193E-09 2.223E-09 2.668E-09 1.604E-10 3.564E-09 1.999E-08 2.643E-08 3.495E-08 5.496E-08 
1.771E-08 2.429E-08 6.730E-08 9.625E-08 4.505E-08 2.051E-07 3.807E-07 4.902E-07 8.771E-07 
8.720E-07 9.547E-07 1.351E-06 1.734E-06 2.069E-06 2.900E-06 4.520E-06 6.179E-06 1.041E-05 
Rb  37
2.607E-11 3.663E-11 3.832E-11 4.442E-11 4.824E-11 3.212E-10 3.768E-10 5.483E-10 9.430E-10 
4.166E-10 4.222E-10 5.068E-10 3.047E-11 6.771E-10 3.789E-09 5.002E-09 6.579E-09 1.003E-08 
3.364E-09 4.612E-09 1.278E-08 1.828E-08 8.559E-09 3.898E-08 6.882E-08 8.642E-08 1.583E-07 
1.656E-07 1.814E-07 2.560E-07 3.278E-07 3.901E-07 5.452E-07 8.422E-07 1.136E-06 1.925E-06 
Sr  38
5.983E-11 8.406E-11 8.792E-11 1.019E-10 1.107E-10 7.369E-10 8.646E-10 1.258E-09 2.165E-09 
9.561E-10 9.689E-10 1.163E-09 6.991E-11 1.554E-09 8.753E-09 1.164E-08 1.564E-08 2.658E-08 
7.725E-09 1.059E-08 2.936E-08 4.199E-08 1.964E-08 8.943E-08 1.808E-07 2.430E-07 4.197E-07 
3.802E-07 4.162E-07 5.916E-07 7.614E-07 9.111E-07 1.282E-06 2.019E-06 2.828E-06 4.730E-06 
Y   39
1.328E-11 1.866E-11 1.952E-11 2.263E-11 2.457E-11 1.636E-10 1.919E-10 2.793E-10 4.804E-10 
2.122E-10 2.151E-10 2.581E-10 1.552E-11 3.449E-10 1.934E-09 2.558E-09 3.390E-09 5.447E-09 
1.713E-09 2.350E-09 6.512E-09 9.313E-09 4.359E-09 1.985E-08 3.635E-08 4.667E-08 8.392E-08 
8.437E-08 9.238E-08 1.306E-07 1.674E-07 1.996E-07 2.794E-07 4.339E-07 5.908E-07 9.976E-07 
Zr  40
3.100E-11 4.356E-11 4.556E-11 5.282E-11 5.735E-11 3.819E-10 4.481E-10 6.520E-10 1.121E-09 
4.955E-10 5.021E-10 6.027E-10 3.623E-11 8.052E-10 4.509E-09 5.957E-09 7.851E-09 1.214E-08 
4.000E-09 5.485E-09 1.520E-08 2.174E-08 1.018E-08 4.634E-08 8.381E-08 1.063E-07 1.930E-07 
1.970E-07 2.157E-07 3.048E-07 3.907E-07 4.654E-07 6.515E-07 1.011E-06 1.372E-06 2.321E-06 
Nb  41
2.468E-12 3.467E-12 3.627E-12 4.204E-12 4.565E-12 3.040E-11 3.567E-11 5.190E-11 8.925E-11 
3.943E-11 3.996E-11 4.796E-11 2.884E-12 6.409E-11 3.585E-10 4.733E-10 6.226E-10 9.494E-10 
3.182E-10 4.364E-10 1.210E-09 1.730E-09 8.101E-10 3.689E-09 6.442E-09 8.095E-09 1.490E-08 
1.567E-08 1.716E-08 2.412E-08 3.078E-08 3.655E-08 5.091E-08 7.780E-08 1.052E-07 1.783E-07 
Mo  42
6.958E-12 9.777E-12 1.023E-11 1.186E-11 1.287E-11 8.572E-11 1.006E-10 1.463E-10 2.517E-10 
1.112E-10 1.127E-10 1.353E-10 8.131E-12 1.807E-10 1.012E-09 1.335E-09 1.753E-09 2.650E-09 
8.981E-10 1.231E-09 3.412E-09 4.879E-09 2.284E-09 1.040E-08 1.891E-08 2.378E-08 4.329E-08 
4.422E-08 4.841E-08 6.866E-08 8.823E-08 1.053E-07 1.479E-07 2.312E-07 3.141E-07 5.313E-07 
Xe  54
7.693E-12 1.081E-11 1.131E-11 1.311E-11 1.423E-11 9.477E-11 1.112E-10 1.618E-10 2.782E-10 
1.229E-10 1.246E-10 1.495E-10 8.990E-12 1.998E-10 1.118E-09 1.475E-09 1.936E-09 2.913E-09 
9.925E-10 1.361E-09 3.771E-09 5.393E-09 2.525E-09 1.150E-08 2.042E-08 2.559E-08 4.696E-08 
4.887E-08 5.351E-08 7.553E-08 9.672E-08 1.151E-07 1.609E-07 2.487E-07 3.362E-07 5.694E-07 
Cs  55
1.471E-12 2.067E-12 2.162E-12 2.506E-12 2.722E-12 1.812E-11 2.126E-11 3.094E-11 5.320E-11 
2.351E-11 2.382E-11 2.859E-11 1.719E-12 3.821E-11 2.135E-10 2.815E-10 3.689E-10 5.519E-10 
1.897E-10 2.601E-10 7.209E-10 1.031E-09 4.829E-10 2.199E-09 3.738E-09 4.629E-09 8.631E-09 
9.342E-09 1.023E-08 1.436E-08 1.830E-08 2.170E-08 3.019E-08 4.593E-08 6.160E-08 1.047E-07 
Ba  56
1.910E-11 2.683E-11 2.807E-11 3.254E-11 3.534E-11 2.353E-10 2.760E-10 4.017E-10 6.907E-10 
3.052E-10 3.093E-10 3.713E-10 2.232E-11 4.960E-10 2.782E-09 3.680E-09 4.866E-09 7.550E-09 
2.465E-09 3.380E-09 9.366E-09 1.339E-08 6.269E-09 2.855E-08 5.336E-08 6.882E-08 1.232E-07 
1.214E-07 1.329E-07 1.882E-07 2.415E-07 2.882E-07 4.041E-07 6.303E-07 8.633E-07 1.455E-06 
La  57
1.610E-12 2.262E-12 2.366E-12 2.743E-12 2.978E-12 1.983E-11 2.327E-11 3.386E-11 5.823E-11 
2.573E-11 2.607E-11 3.130E-11 1.881E-12 4.181E-11 2.342E-10 3.095E-10 4.081E-10 6.291E-10 
2.077E-10 2.849E-10 7.894E-10 1.129E-09 5.285E-10 2.407E-09 4.367E-09 5.551E-09 1.006E-08 
1.023E-08 1.120E-08 1.583E-08 2.030E-08 2.419E-08 3.386E-08 5.255E-08 7.143E-08 1.207E-07 
Ce  58
4.331E-12 6.086E-12 6.366E-12 7.380E-12 8.013E-12 5.336E-11 6.260E-11 9.110E-11 1.566E-10 
6.922E-11 7.015E-11 8.420E-11 5.062E-12 1.125E-10 6.299E-10 8.318E-10 1.095E-09 1.670E-09 
5.589E-10 7.664E-10 2.124E-09 3.037E-09 1.422E-09 6.475E-09 1.169E-08 1.479E-08 2.691E-08 
2.752E-08 3.013E-08 4.259E-08 5.460E-08 6.505E-08 9.107E-08 1.413E-07 1.918E-07 3.244E-07 
Pr  59
6.808E-13 9.566E-13 1.001E-12 1.160E-12 1.260E-12 8.386E-12 9.840E-12 1.432E-11 2.462E-11 
1.088E-11 1.103E-11 1.323E-11 7.956E-13 1.768E-11 9.886E-11 1.304E-10 1.711E-10 2.578E-10 
8.781E-11 1.204E-10 3.337E-10 4.772E-10 2.235E-10 1.018E-09 1.765E-09 2.197E-09 4.061E-09 
4.324E-09 4.736E-09 6.671E-09 8.530E-09 1.014E-08 1.415E-08 2.177E-08 2.923E-08 4.958E-08 
Nd  60
2.172E-12 3.052E-12 3.193E-12 3.701E-12 4.019E-12 2.676E-11 3.140E-11 4.569E-11 7.856E-11 
3.472E-11 3.518E-11 4.223E-11 2.538E-12 5.642E-11 3.158E-10 4.170E-10 5.484E-10 8.325E-10 
2.803E-10 3.843E-10 1.065E-09 1.523E-09 7.131E-10 3.247E-09 5.841E-09 7.370E-09 1.343E-08 
1.380E-08 1.511E-08 2.136E-08 2.738E-08 3.263E-08 4.568E-08 7.088E-08 9.610E-08 1.626E-07 
Hg  80
1.012E-12 1.421E-12 1.487E-12 1.723E-12 1.871E-12 1.246E-11 1.462E-11 2.127E-11 3.658E-11 
1.617E-11 1.638E-11 1.966E-11 1.182E-12 2.627E-11 1.472E-10 1.944E-10 2.559E-10 3.888E-10 
1.305E-10 1.790E-10 4.960E-10 7.094E-10 3.320E-10 1.512E-09 2.794E-09 3.552E-09 6.421E-09 
6.427E-09 7.037E-09 9.973E-09 1.281E-08 1.529E-08 2.145E-08 3.350E-08 4.580E-08 7.736E-08 
Tl  81
1.494E-12 2.099E-12 2.195E-12 2.545E-12 2.764E-12 1.840E-11 2.159E-11 3.142E-11 5.403E-11 
2.387E-11 2.419E-11 2.904E-11 1.746E-12 3.880E-11 2.172E-10 2.869E-10 3.777E-10 5.741E-10 
1.927E-10 2.643E-10 7.324E-10 1.047E-09 4.904E-10 2.233E-09 4.020E-09 5.088E-09 9.258E-09 
9.490E-09 1.039E-08 1.467E-08 1.879E-08 2.237E-08 3.129E-08 4.839E-08 6.569E-08 1.111E-07 
Pb  82
1.073E-11 1.507E-11 1.577E-11 1.828E-11 1.985E-11 1.321E-10 1.550E-10 2.256E-10 3.880E-10 
1.714E-10 1.737E-10 2.085E-10 1.254E-11 2.786E-10 1.561E-09 2.062E-09 2.717E-09 4.158E-09 
1.384E-09 1.898E-09 5.260E-09 7.522E-09 3.521E-09 1.604E-08 2.925E-08 3.722E-08 6.739E-08 
6.816E-08 7.462E-08 1.055E-07 1.353E-07 1.613E-07 2.259E-07 3.511E-07 4.780E-07 8.076E-07 
Bi  83
8.589E-13 1.207E-12 1.262E-12 1.463E-12 1.589E-12 1.058E-11 1.241E-11 1.806E-11 3.106E-11 
1.373E-11 1.391E-11 1.670E-11 1.004E-12 2.231E-11 1.249E-10 1.648E-10 2.166E-10 3.269E-10 
1.108E-10 1.520E-10 4.211E-10 6.022E-10 2.819E-10 1.284E-09 2.298E-09 2.893E-09 5.284E-09 
5.457E-09 5.975E-09 8.443E-09 1.082E-08 1.289E-08 1.804E-08 2.796E-08 3.787E-08 6.410E-08 
