53 4 4
3.24E-05 3.24E-04 3.24E-03 1.35E-02 
1.30E+01 1.50E+01 2.00E+01 2.50E+01 
H    1
6.214E+00 6.943E+00 8.631E+00 1.012E+01 
6.222E+00 6.856E+00 8.592E+00 1.018E+01 
5.830E+00 6.338E+00 7.466E+00 6.953E+00 
5.365E+00 5.666E+00 5.929E-02 -7.360E-06 
He   2
4.448E+00 4.624E+00 6.625E+00 7.982E+00 
4.443E+00 5.091E+00 6.703E+00 8.252E+00 
4.443E+00 4.544E+00 6.490E+00 6.602E+00 
4.322E+00 4.630E+00 3.381E+00 2.241E+00 
Li   3
4.400E-15 2.702E-13 2.080E-12 5.198E-12 
4.000E-16 3.300E-14 9.660E-13 2.180E-11 
2.000E-16 1.110E-14 4.070E-13 1.826E-12 
0.000E+00 3.400E-14 -2.000E-14 2.000E-14 
Be   4
3.400E-18 0.000E+00 0.000E+00 0.000E+00 
2.018E-14 0.000E+00 0.000E+00 0.000E+00 
1.030E-12 6.814E-13 1.000E-16 0.000E+00 
6.122E-12 5.137E-12 0.000E+00 0.000E+00 
B    5
3.421E-12 3.671E-12 3.909E-12 4.076E-12 
4.997E-11 4.881E-11 5.938E-11 7.147E-11 
6.502E-10 6.960E-10 7.629E-10 6.230E-10 
6.938E-09 7.285E-09 -8.000E-14 -1.654E-24 
C    6
1.652E-01 2.724E-01 4.147E-01 5.721E-01 
1.571E-01 2.634E-01 4.053E-01 6.450E-01 
1.343E-01 2.591E-01 4.048E-01 6.853E-01 
1.129E-01 2.190E-01 3.916E-01 5.978E-01 
N    7
1.018E-04 1.048E-04 1.359E-04 1.676E-04 
8.514E-04 9.724E-04 1.184E-03 1.642E-03 
7.529E-03 7.813E-03 1.030E-02 1.066E-02 
3.065E-02 3.269E-02 1.077E-02 4.383E-03 
O    8
2.905E-01 8.096E-01 1.419E+00 2.614E+00 
2.734E-01 5.592E-01 1.363E+00 2.376E+00 
2.791E-01 8.574E-01 1.333E+00 2.695E+00 
2.413E-01 5.769E-01 1.198E+00 2.409E+00 
F    9
2.969E-09 3.365E-09 1.599E-08 2.893E-08 
3.653E-08 4.053E-08 6.730E-08 1.231E-07 
3.648E-07 3.908E-07 5.660E-07 2.353E-06 
3.191E-06 3.334E-06 5.090E-07 5.471E-07 
Ne  10
1.276E-02 2.551E-02 4.914E-01 7.038E-01 
1.248E-02 4.695E-02 4.701E-01 7.638E-01 
5.319E-02 9.743E-02 4.780E-01 4.755E-01 
4.426E-02 1.392E-01 4.044E-01 8.692E-01 
Na  11
4.018E-05 7.227E-05 2.656E-03 3.207E-03 
6.525E-05 1.508E-04 2.501E-03 4.623E-03 
4.487E-04 1.020E-03 3.744E-03 5.623E-03 
9.872E-04 2.364E-03 5.957E-03 2.052E-02 
Mg  12
1.309E-02 1.855E-02 9.771E-02 1.198E-01 
1.154E-02 2.645E-02 1.113E-01 1.155E-01 
2.221E-02 3.258E-02 1.195E-01 9.191E-02 
2.103E-02 4.595E-02 1.216E-01 1.483E-01 
Al  13
5.300E-04 4.760E-04 2.928E-03 2.978E-03 
3.017E-04 1.385E-03 4.122E-03 3.436E-03 
1.515E-03 2.300E-03 7.071E-03 6.580E-03 
1.963E-03 4.329E-03 1.132E-02 1.668E-02 
Si  14
6.174E-02 1.106E-01 9.084E-02 1.282E-01 
6.219E-02 9.253E-02 1.092E-01 1.053E-01 
5.291E-02 1.077E-01 1.145E-01 1.806E-01 
6.883E-02 1.106E-01 1.414E-01 1.229E-01 
P   15
1.716E-04 1.200E-04 2.216E-04 2.622E-04 
1.383E-04 2.916E-04 3.136E-04 2.563E-04 
2.539E-04 4.878E-04 5.920E-04 9.667E-04 
4.454E-04 8.380E-04 1.193E-03 1.445E-03 
S   16
2.084E-02 7.674E-02 2.518E-02 3.510E-02 
2.209E-02 3.012E-02 3.000E-02 3.046E-02 
1.703E-02 3.731E-02 3.036E-02 5.496E-02 
2.860E-02 4.331E-02 4.374E-02 4.645E-02 
Cl  17
4.489E-05 1.748E-04 5.088E-05 6.059E-05 
3.785E-05 7.208E-05 6.016E-05 6.671E-05 
6.130E-05 1.346E-04 1.287E-04 3.158E-04 
1.739E-04 2.912E-04 2.831E-04 6.238E-04 
Ar  18
3.833E-03 2.019E-02 4.547E-03 6.361E-03 
4.083E-03 5.326E-03 5.249E-03 5.449E-03 
3.078E-03 6.497E-03 4.963E-03 8.309E-03 
5.475E-03 7.840E-03 7.626E-03 8.128E-03 
K   19
2.892E-05 2.365E-04 3.562E-05 2.912E-05 
3.027E-05 4.163E-05 3.849E-05 3.097E-05 
2.973E-05 6.506E-05 5.717E-05 1.114E-04 
7.075E-05 1.118E-04 1.057E-04 1.823E-04 
Ca  20
3.256E-03 1.866E-02 3.833E-03 6.026E-03 
3.404E-03 4.282E-03 4.315E-03 4.959E-03 
2.481E-03 4.891E-03 3.570E-03 5.057E-03 
4.432E-03 5.774E-03 5.700E-03 4.670E-03 
Sc  21
1.018E-07 1.219E-06 1.098E-07 1.659E-07 
1.021E-07 1.434E-07 1.662E-07 2.059E-07 
2.521E-07 5.427E-07 1.275E-06 3.058E-06 
1.017E-06 1.578E-06 3.956E-06 1.065E-05 
Ti  22
6.055E-05 1.065E-04 6.577E-05 8.011E-05 
6.672E-05 6.695E-05 6.581E-05 6.929E-05 
7.083E-05 9.203E-05 8.467E-05 9.652E-05 
1.265E-04 1.318E-04 1.316E-04 1.742E-04 
V   23
2.324E-06 3.397E-06 3.631E-06 8.050E-07 
3.024E-06 3.168E-06 3.737E-06 1.537E-06 
3.376E-06 6.699E-06 6.391E-06 5.266E-06 
1.321E-05 1.747E-05 1.734E-05 1.292E-05 
Cr  24
4.631E-04 7.639E-04 5.952E-04 3.781E-04 
5.687E-04 5.161E-04 5.839E-04 4.441E-04 
4.186E-04 7.158E-04 6.154E-04 6.100E-04 
9.207E-04 1.110E-03 1.086E-03 8.141E-04 
Mn  25
1.110E-04 1.409E-04 1.641E-04 4.291E-05 
1.498E-04 1.407E-04 1.731E-04 7.966E-05 
1.360E-04 2.663E-04 2.358E-04 1.810E-04 
4.909E-04 6.600E-04 6.463E-04 3.844E-04 
Fe  26
7.304E-02 7.292E-02 7.333E-02 7.272E-02 
7.320E-02 7.341E-02 7.380E-02 7.311E-02 
7.480E-02 7.578E-02 7.613E-02 7.507E-02 
8.890E-02 9.182E-02 8.462E-02 8.136E-02 
Co  27
1.376E-04 8.949E-05 1.260E-04 1.152E-04 
1.273E-04 1.324E-04 1.281E-04 1.212E-04 
1.644E-04 1.505E-04 1.764E-04 1.622E-04 
2.523E-04 3.095E-04 5.000E-04 9.151E-04 
Ni  28
6.385E-03 6.391E-03 6.409E-03 6.384E-03 
6.396E-03 6.416E-03 6.452E-03 6.407E-03 
6.520E-03 6.625E-03 6.671E-03 6.682E-03 
7.758E-03 7.989E-03 7.908E-03 8.476E-03 
Cu  29
1.535E-06 1.982E-05 1.490E-06 9.829E-06 
1.587E-06 1.553E-06 1.708E-06 2.655E-06 
4.349E-06 8.259E-06 1.955E-05 5.696E-05 
2.547E-05 4.472E-05 1.353E-04 4.329E-04 
Zn  30
1.983E-05 6.907E-05 1.964E-05 5.901E-05 
1.846E-05 1.829E-05 1.836E-05 2.110E-05 
2.265E-05 2.660E-05 3.648E-05 9.633E-05 
4.772E-05 6.383E-05 1.273E-04 3.670E-04 
Ga  31
6.875E-10 1.430E-09 1.155E-09 2.587E-09 
7.745E-09 8.621E-09 1.423E-08 2.472E-08 
1.679E-07 4.619E-07 1.299E-06 7.391E-06 
1.607E-06 2.894E-06 1.034E-05 3.832E-05 
Ge  32
2.774E-09 4.854E-09 4.421E-09 8.483E-09 
2.948E-08 3.387E-08 5.090E-08 8.056E-08 
5.381E-07 1.320E-06 3.195E-06 2.191E-05 
4.667E-06 7.404E-06 2.217E-05 9.264E-05 
As  33
1.279E-10 1.521E-10 2.032E-10 2.650E-10 
1.324E-09 1.540E-09 2.265E-09 3.353E-09 
2.316E-08 6.284E-08 1.516E-07 1.492E-06 
2.644E-07 4.877E-07 1.586E-06 6.153E-06 
Se  34
1.440E-09 1.744E-09 2.275E-09 3.071E-09 
1.474E-08 1.684E-08 2.361E-08 3.223E-08 
2.140E-07 3.646E-07 7.971E-07 7.370E-06 
1.925E-06 2.657E-06 6.872E-06 3.166E-05 
Br  35
2.270E-10 2.614E-10 3.609E-10 4.546E-10 
2.287E-09 2.626E-09 3.697E-09 4.980E-09 
3.166E-08 4.483E-08 1.157E-07 1.032E-06 
2.813E-07 3.720E-07 1.043E-06 5.124E-06 
Kr  36
1.238E-09 1.420E-09 2.019E-09 2.577E-09 
1.254E-08 1.464E-08 2.129E-08 2.874E-08 
1.484E-07 1.936E-07 4.038E-07 2.693E-06 
1.323E-06 1.683E-06 3.232E-06 1.234E-05 
Rb  37
2.381E-10 2.710E-10 3.744E-10 4.686E-10 
2.424E-09 2.810E-09 3.929E-09 5.136E-09 
2.936E-08 4.012E-08 8.078E-08 6.580E-07 
2.825E-07 4.002E-07 8.825E-07 2.795E-06 
Sr  38
5.678E-10 6.648E-10 9.742E-10 1.284E-09 
5.886E-09 7.153E-09 1.173E-08 1.836E-08 
6.962E-08 1.116E-07 2.339E-07 1.231E-06 
6.306E-07 8.872E-07 1.546E-06 3.581E-06 
Y   39
1.215E-10 1.407E-10 1.966E-10 2.538E-10 
1.256E-09 1.463E-09 2.181E-09 3.289E-09 
1.388E-08 2.142E-08 3.941E-08 1.756E-07 
1.265E-07 1.626E-07 2.180E-07 5.715E-07 
Zr  40
2.806E-10 3.402E-10 4.496E-10 5.748E-10 
2.845E-09 3.291E-09 4.622E-09 6.361E-09 
2.938E-08 3.889E-08 6.324E-08 1.976E-07 
2.749E-07 3.286E-07 3.217E-07 7.843E-07 
Nb  41
2.078E-11 2.323E-11 3.216E-11 3.977E-11 
2.111E-10 2.391E-10 3.346E-10 4.391E-10 
2.138E-09 2.498E-09 4.188E-09 9.129E-09 
2.017E-08 2.322E-08 1.905E-08 5.359E-08 
Mo  42
6.504E-11 7.584E-11 1.060E-10 1.346E-10 
6.424E-10 7.516E-10 1.021E-09 1.293E-09 
6.295E-09 7.541E-09 1.065E-08 1.664E-08 
5.912E-08 6.752E-08 4.425E-08 7.862E-08 
Xe  54
6.736E-11 7.589E-11 1.051E-10 1.299E-10 
6.755E-10 7.714E-10 1.038E-09 1.281E-09 
6.538E-09 7.292E-09 9.987E-09 1.351E-08 
6.193E-08 6.883E-08 3.475E-08 4.807E-08 
Cs  55
1.223E-11 1.366E-11 1.857E-11 2.273E-11 
1.226E-10 1.398E-10 1.858E-10 2.287E-10 
1.200E-09 1.334E-09 1.794E-09 2.434E-09 
1.144E-08 1.267E-08 5.159E-09 7.791E-09 
Ba  56
1.709E-10 1.945E-10 2.798E-10 3.534E-10 
1.725E-09 2.013E-09 2.955E-09 3.988E-09 
1.731E-08 2.060E-08 3.146E-08 4.543E-08 
1.611E-07 1.881E-07 1.402E-07 2.331E-07 
La  57
1.424E-11 1.611E-11 2.283E-11 2.848E-11 
1.428E-10 1.652E-10 2.355E-10 3.153E-10 
1.440E-09 1.711E-09 2.633E-09 3.834E-09 
1.347E-08 1.566E-08 1.170E-08 2.120E-08 
Ce  58
3.831E-11 4.336E-11 6.093E-11 7.581E-11 
3.829E-10 4.417E-10 6.137E-10 7.907E-10 
3.787E-09 4.343E-09 6.311E-09 8.285E-09 
3.552E-08 4.005E-08 2.404E-08 3.797E-08 
Pr  59
5.882E-12 6.651E-12 9.031E-12 1.110E-11 
5.877E-11 6.729E-11 9.017E-11 1.151E-10 
5.789E-10 6.683E-10 8.934E-10 1.239E-09 
5.509E-09 6.058E-09 3.218E-09 5.966E-09 
Nd  60
1.962E-11 2.279E-11 3.135E-11 3.955E-11 
1.951E-10 2.287E-10 3.158E-10 4.035E-10 
1.927E-09 2.287E-09 3.155E-09 4.037E-09 
1.807E-08 2.069E-08 1.248E-08 1.892E-08 
Hg  80
9.053E-12 1.023E-11 1.465E-11 1.829E-11 
9.084E-11 1.043E-10 1.443E-10 1.831E-10 
8.791E-10 9.819E-10 1.398E-09 1.686E-09 
8.273E-09 9.223E-09 5.070E-09 6.975E-09 
Tl  81
1.303E-11 1.461E-11 2.089E-11 2.599E-11 
1.305E-10 1.504E-10 2.124E-10 2.747E-10 
1.279E-09 1.434E-09 2.055E-09 2.514E-09 
1.206E-08 1.354E-08 7.284E-09 1.046E-08 
Pb  82
9.491E-11 1.073E-10 1.519E-10 1.894E-10 
9.518E-10 1.099E-09 1.548E-09 2.018E-09 
9.385E-09 1.074E-08 1.551E-08 1.909E-08 
8.810E-08 9.971E-08 6.012E-08 9.149E-08 
Bi  83
7.520E-12 8.428E-12 1.186E-11 1.462E-11 
7.504E-11 8.601E-11 1.179E-10 1.487E-10 
7.290E-10 8.017E-10 1.089E-09 1.140E-09 
6.888E-09 7.599E-09 3.556E-09 4.248E-09 
