53 4 4
3.24E-05 3.24E-04 3.24E-03 1.35E-02 
1.30E+01 1.50E+01 2.00E+01 2.50E+01 
H    1
4.364E+00 4.241E+00 6.702E+00 4.850E-02 
3.429E+00 4.224E+00 4.291E+00 -2.043E-13 
2.915E+00 2.544E+00 4.525E+00 3.609E+00 
0.000E+00 -1.954E-14 -2.318E-11 -5.477E-10 
He   2
3.827E+00 4.085E+00 6.200E+00 1.357E+00 
3.149E+00 3.776E+00 3.788E+00 1.217E+00 
2.805E+00 2.806E+00 4.990E+00 3.631E+00 
6.439E-01 6.007E-01 5.004E-01 4.919E-01 
Li   3
3.320E-11 2.680E-11 5.552E-10 3.032E-12 
4.154E-11 7.067E-12 2.857E-12 -8.750E-15 
2.316E-12 7.196E-12 3.366E-12 2.363E-11 
1.000E-16 -3.000E-16 8.000E-15 -6.000E-15 
Be   4
0.000E+00 0.000E+00 0.000E+00 0.000E+00 
0.000E+00 0.000E+00 0.000E+00 0.000E+00 
0.000E+00 0.000E+00 0.000E+00 0.000E+00 
0.000E+00 0.000E+00 0.000E+00 0.000E+00 
B    5
9.992E-15 1.490E-14 1.678E-16 -3.400E-19 
3.544E-13 3.467E-13 1.622E-14 -7.000E-18 
3.245E-11 2.333E-11 3.891E-12 1.794E-12 
1.034E-25 -4.000E-15 6.300E-14 5.300E-14 
C    6
3.514E-01 4.254E-01 6.466E-01 1.007E+00 
1.478E-01 1.852E-01 3.159E-01 1.016E+00 
1.527E-01 2.100E-01 6.632E-01 9.119E-01 
5.186E-01 5.162E-01 9.538E-01 1.221E+00 
N    7
1.366E-01 1.529E-01 1.453E-02 1.955E-02 
6.997E-02 6.570E-02 1.680E-02 1.117E-02 
5.046E-02 6.402E-02 5.546E-02 4.672E-02 
5.559E-03 8.003E-03 8.586E-03 5.261E-04 
O    8
1.565E+00 1.888E+00 2.960E+00 5.929E+00 
1.306E+00 1.683E+00 3.748E+00 5.944E+00 
1.344E+00 1.775E+00 3.252E+00 5.620E+00 
1.459E+00 1.877E+00 2.886E+00 3.818E+00 
F    9
4.051E-05 5.101E-05 1.329E-04 7.471E-04 
2.762E-05 5.004E-05 1.959E-04 7.924E-04 
2.189E-05 1.147E-04 2.660E-04 1.025E-03 
5.149E-04 1.096E-04 1.268E-04 5.780E-06 
Ne  10
1.308E-01 1.171E-01 1.568E-01 8.117E-01 
1.258E-01 1.638E-01 2.983E-01 8.092E-01 
1.180E-01 1.305E-01 2.092E-01 8.795E-01 
1.073E-01 1.400E-01 1.777E-01 5.156E-01 
Na  11
1.907E-03 1.318E-03 1.355E-03 4.456E-03 
7.133E-04 1.228E-03 1.372E-03 6.937E-03 
1.163E-03 1.555E-03 3.510E-03 8.828E-03 
1.737E-03 1.590E-03 2.921E-03 9.163E-03 
Mg  12
2.809E-02 2.771E-02 4.809E-02 1.567E-01 
5.303E-02 7.434E-02 1.128E-01 1.484E-01 
5.380E-02 5.318E-02 7.142E-02 1.647E-01 
3.249E-02 4.138E-02 5.992E-02 1.407E-01 
Al  13
2.308E-03 2.270E-03 3.713E-03 6.965E-03 
5.870E-04 9.356E-04 3.195E-03 1.241E-02 
6.159E-04 7.918E-04 5.203E-03 1.460E-02 
2.234E-03 2.821E-03 5.042E-03 1.462E-02 
Si  14
1.269E-01 2.137E-01 1.994E-01 2.666E-01 
3.777E-01 4.267E-01 2.025E-01 2.728E-01 
3.697E-01 4.732E-01 1.949E-01 2.552E-01 
1.119E-01 2.630E-01 2.523E-01 2.840E-01 
P   15
7.846E-04 1.244E-03 1.649E-03 8.700E-04 
8.377E-04 1.325E-03 1.691E-03 1.978E-03 
7.805E-04 1.664E-03 2.940E-03 2.148E-03 
7.054E-04 1.654E-03 3.411E-03 2.987E-03 
S   16
8.134E-02 1.150E-01 8.959E-02 8.798E-02 
3.404E-01 3.568E-01 1.240E-01 9.743E-02 
3.072E-01 4.249E-01 8.675E-02 8.948E-02 
8.025E-02 1.311E-01 1.057E-01 1.029E-01 
Cl  17
4.218E-04 8.718E-04 4.641E-04 2.207E-04 
1.478E-03 1.895E-03 7.671E-04 5.460E-04 
1.125E-03 2.771E-03 6.403E-04 6.003E-04 
6.282E-04 1.152E-03 1.086E-03 8.841E-04 
Ar  18
2.021E-02 2.468E-02 1.710E-02 1.659E-02 
1.037E-01 1.004E-01 2.716E-02 1.748E-02 
8.129E-02 1.422E-01 1.645E-02 1.611E-02 
2.078E-02 2.517E-02 1.837E-02 1.766E-02 
K   19
3.965E-04 1.288E-03 2.393E-04 1.126E-04 
2.850E-03 3.201E-03 4.518E-04 2.360E-04 
1.933E-03 5.132E-03 3.086E-04 2.474E-04 
6.028E-04 1.009E-03 3.703E-04 3.194E-04 
Ca  20
1.632E-02 1.515E-02 1.207E-02 1.484E-02 
9.818E-02 8.790E-02 1.872E-02 1.272E-02 
7.798E-02 1.103E-01 8.096E-03 1.172E-02 
1.904E-02 1.511E-02 9.083E-03 1.141E-02 
Sc  21
2.346E-06 1.722E-05 5.596E-07 5.563E-07 
4.897E-06 4.591E-06 1.375E-06 9.899E-07 
4.044E-06 7.369E-06 2.389E-06 5.616E-06 
1.206E-05 1.799E-05 1.204E-05 1.383E-05 
Ti  22
1.691E-04 3.274E-04 1.389E-04 1.082E-04 
8.020E-04 7.559E-04 1.713E-04 1.409E-04 
5.204E-04 1.195E-03 2.195E-04 2.307E-04 
1.798E-04 3.402E-04 2.682E-04 2.684E-04 
V   23
1.346E-05 8.352E-05 9.394E-06 1.612E-06 
4.622E-05 5.942E-05 1.030E-05 4.667E-06 
3.789E-05 9.461E-05 2.121E-05 1.136E-05 
1.657E-05 1.667E-04 3.321E-05 2.092E-05 
Cr  24
9.506E-04 3.131E-03 8.261E-04 5.748E-04 
2.075E-03 2.313E-03 8.035E-04 5.936E-04 
1.982E-03 2.755E-03 9.064E-04 6.240E-04 
9.092E-04 6.512E-03 1.044E-03 1.053E-03 
Mn  25
4.458E-04 2.764E-03 3.376E-04 7.694E-05 
9.289E-04 1.680E-03 3.099E-04 1.464E-04 
1.523E-03 1.368E-03 4.500E-04 1.750E-04 
7.327E-04 8.492E-03 5.463E-04 4.388E-04 
Fe  26
7.662E-02 1.097E-01 7.637E-02 7.299E-02 
8.640E-02 1.024E-01 7.772E-02 7.424E-02 
1.060E-01 9.257E-02 7.888E-02 7.561E-02 
8.274E-02 2.694E-01 8.105E-02 8.147E-02 
Co  27
1.356E-04 7.621E-05 1.123E-04 8.184E-05 
1.413E-04 1.793E-04 1.188E-04 1.208E-04 
1.785E-04 1.650E-04 1.534E-04 1.667E-04 
4.748E-04 4.267E-04 4.432E-04 8.008E-04 
Ni  28
6.686E-03 9.585E-03 6.683E-03 6.473E-03 
7.447E-03 8.532E-03 6.834E-03 6.532E-03 
8.840E-03 8.024E-03 6.874E-03 6.806E-03 
8.060E-03 2.392E-02 8.792E-03 9.314E-03 
Cu  29
2.622E-06 7.443E-07 1.770E-06 1.433E-05 
2.315E-06 2.442E-06 3.106E-06 6.571E-06 
1.123E-05 1.302E-05 2.463E-05 8.515E-05 
2.303E-04 3.144E-04 5.765E-04 6.754E-04 
Zn  30
2.766E-05 5.687E-06 1.538E-05 3.987E-05 
1.619E-05 1.637E-05 1.782E-05 2.987E-05 
3.277E-05 3.179E-05 6.340E-05 2.326E-04 
2.785E-04 4.903E-04 9.804E-04 9.322E-04 
Ga  31
4.933E-08 6.000E-08 6.568E-08 3.411E-07 
2.235E-07 3.083E-07 5.687E-07 2.239E-06 
2.847E-06 3.368E-06 8.755E-06 4.021E-05 
3.144E-05 6.282E-05 1.584E-04 1.186E-04 
Ge  32
1.960E-07 2.213E-07 2.549E-07 1.302E-06 
8.860E-07 1.170E-06 2.291E-06 9.707E-06 
1.164E-05 1.388E-05 3.338E-05 1.574E-04 
8.550E-05 1.854E-04 3.732E-04 2.853E-04 
As  33
1.436E-08 1.637E-08 1.793E-08 8.405E-08 
4.166E-08 5.575E-08 1.980E-07 9.055E-07 
5.733E-07 6.807E-07 2.132E-06 1.465E-05 
6.256E-06 1.345E-05 2.970E-05 2.234E-05 
Se  34
1.457E-07 1.570E-07 2.054E-07 6.861E-07 
5.688E-07 6.286E-07 1.775E-06 8.084E-06 
7.324E-06 1.023E-05 2.735E-05 1.142E-04 
3.809E-05 8.631E-05 2.141E-04 1.085E-04 
Br  35
1.954E-08 2.028E-08 2.671E-08 1.117E-07 
7.695E-08 8.839E-08 2.417E-07 1.437E-06 
1.084E-06 1.315E-06 3.191E-06 2.024E-05 
4.670E-06 1.255E-05 2.239E-05 1.466E-05 
Kr  36
1.922E-07 2.092E-07 2.596E-07 5.785E-07 
8.532E-07 9.231E-07 3.167E-06 1.040E-05 
1.180E-05 1.324E-05 3.611E-05 1.221E-04 
2.105E-05 7.452E-05 1.436E-04 5.643E-05 
Rb  37
4.854E-08 5.281E-08 6.716E-08 1.406E-07 
1.673E-07 1.196E-07 1.107E-06 3.394E-06 
2.405E-06 2.275E-06 9.495E-06 3.638E-05 
5.022E-06 2.053E-05 4.406E-05 1.334E-05 
Sr  38
7.397E-07 8.645E-07 1.153E-06 4.953E-07 
2.881E-06 3.525E-06 1.611E-05 3.946E-05 
4.494E-05 6.322E-05 1.495E-04 1.945E-04 
1.146E-05 5.574E-05 9.550E-05 2.790E-05 
Y   39
2.209E-07 2.466E-07 3.410E-07 7.976E-08 
8.036E-07 9.544E-07 4.750E-06 1.064E-05 
1.357E-05 1.727E-05 4.231E-05 3.865E-05 
1.685E-06 9.023E-06 1.518E-05 3.298E-06 
Zr  40
8.465E-07 1.044E-06 1.732E-06 8.301E-08 
6.876E-06 4.101E-06 2.098E-05 2.606E-05 
5.742E-05 1.562E-04 1.901E-04 5.582E-05 
1.868E-06 1.175E-05 2.400E-05 3.241E-06 
Nb  41
3.790E-08 4.097E-08 6.519E-08 3.507E-09 
1.664E-07 1.898E-07 9.275E-07 1.547E-06 
2.814E-06 3.042E-06 7.323E-06 3.087E-06 
8.316E-08 5.989E-07 6.826E-07 1.402E-07 
Mo  42
1.755E-07 2.234E-07 4.896E-07 3.714E-09 
5.957E-07 8.069E-07 4.750E-06 3.414E-06 
8.185E-06 1.041E-05 3.930E-05 4.546E-06 
8.534E-08 5.641E-07 8.228E-07 2.018E-07 
Xe  54
9.631E-08 1.059E-07 1.841E-07 2.304E-09 
4.620E-07 4.657E-07 3.116E-06 2.355E-06 
6.835E-06 7.023E-06 1.897E-05 2.739E-06 
5.041E-08 3.554E-07 4.024E-07 1.101E-07 
Cs  55
1.595E-08 1.784E-08 3.402E-08 3.662E-10 
6.916E-08 7.811E-08 4.646E-07 3.909E-07 
1.000E-06 1.166E-06 3.227E-06 3.727E-07 
7.739E-09 6.200E-08 6.846E-08 1.390E-08 
Ba  56
9.355E-07 1.095E-06 2.151E-06 6.841E-09 
8.156E-06 1.043E-05 1.888E-05 1.220E-05 
7.807E-05 9.579E-05 1.733E-04 1.114E-05 
2.033E-07 9.676E-07 1.153E-06 4.459E-07 
La  57
1.118E-07 1.068E-07 2.106E-07 3.086E-10 
9.804E-07 1.332E-06 1.578E-06 8.545E-07 
7.943E-06 1.060E-05 1.482E-05 6.053E-07 
1.484E-08 5.575E-08 5.846E-08 3.079E-08 
Ce  58
2.092E-07 2.264E-07 4.949E-07 4.098E-10 
2.740E-06 3.691E-06 3.407E-06 1.137E-06 
1.865E-05 2.219E-05 2.960E-05 8.189E-07 
2.421E-08 7.116E-08 8.334E-08 5.333E-08 
Pr  59
3.119E-08 4.730E-08 9.190E-08 7.228E-11 
8.964E-07 4.117E-07 2.217E-06 9.465E-08 
6.175E-06 2.823E-06 3.888E-06 7.231E-08 
4.111E-09 1.621E-08 1.695E-08 7.175E-09 
Nd  60
8.055E-08 9.808E-08 2.692E-07 1.227E-10 
1.237E-06 2.205E-06 1.219E-06 3.431E-07 
6.452E-06 9.959E-06 1.375E-05 2.541E-07 
8.616E-09 1.851E-08 2.852E-08 2.939E-08 
Hg  80
3.588E-08 5.153E-08 1.370E-07 4.179E-11 
5.928E-07 9.366E-07 4.614E-07 1.279E-07 
3.129E-06 4.425E-06 6.703E-06 9.081E-08 
3.707E-09 7.722E-09 1.322E-08 8.554E-09 
Tl  81
5.027E-08 5.459E-08 1.235E-07 5.056E-11 
9.099E-07 1.455E-06 4.808E-07 1.506E-07 
4.425E-06 5.943E-06 5.803E-06 8.433E-08 
5.177E-09 9.134E-09 1.233E-08 1.124E-08 
Pb  82
4.367E-07 4.748E-07 1.068E-06 3.587E-10 
1.719E-05 3.412E-05 3.191E-06 4.396E-07 
3.660E-05 4.515E-05 3.527E-05 3.622E-07 
4.776E-08 7.223E-08 1.066E-07 1.127E-07 
Bi  83
5.435E-09 5.988E-09 1.082E-08 6.510E-12 
4.620E-07 1.021E-06 3.952E-08 8.221E-10 
4.159E-07 4.008E-07 1.962E-07 1.675E-09 
1.654E-09 1.979E-09 2.406E-09 3.565E-09 
