53 4 9
3.24E-05 3.24E-04 3.24E-03 1.35E-02 
1.30E+01 1.50E+01 2.00E+01 2.50E+01 3.00E+01 4.00E+01 6.00E+01 8.00E+01 1.20E+02 
H    1
1.541E-01 7.842E-01 2.524E-02 7.762E+00 8.939E+00 1.114E+01 1.548E+01 1.747E+01 2.255E+01 
1.006E+00 8.368E-01 2.076E+00 7.976E+00 9.512E+00 1.135E+01 1.428E+01 1.766E+01 1.941E+01 
1.449E+00 2.317E+00 1.626E+00 3.912E+00 8.082E+00 1.057E+01 1.461E+01 1.862E+01 2.634E+01 
4.054E+00 4.589E+00 5.814E+00 6.448E+00 7.121E+00 9.557E+00 1.287E+01 1.860E+01 3.099E+01 
He   2
6.828E-02 4.251E-01 8.704E-03 3.946E+00 3.999E+00 4.381E+00 6.367E+00 9.707E+00 1.469E+01 
5.378E-01 4.799E-01 1.109E+00 3.855E+00 5.368E+00 5.594E+00 7.885E+00 1.463E+01 2.860E+01 
8.263E-01 1.474E+00 1.222E+00 2.524E+00 5.916E+00 8.474E+00 1.639E+01 2.750E+01 5.070E+01 
3.457E+00 4.002E+00 5.682E+00 8.495E+00 1.095E+01 1.551E+01 2.897E+01 4.210E+01 6.783E+01 
Li   3
9.994E-13 5.229E-12 2.173E-12 1.085E-11 1.049E-09 4.835E-09 7.248E-09 2.506E-11 1.727E-11 
4.949E-13 7.740E-13 2.401E-12 7.342E-10 3.900E-09 1.182E-08 2.721E-09 3.190E-11 3.769E-11 
2.374E-12 4.530E-12 1.198E-11 6.592E-11 1.125E-10 9.850E-10 6.969E-08 7.590E-11 1.517E-10 
2.904E-11 6.002E-11 1.755E-10 3.934E-10 4.825E-10 8.455E-10 1.024E-09 1.358E-09 9.082E-10 
Be   4
9.956E-17 4.378E-16 2.243E-16 1.315E-16 1.084E-16 6.396E-17 5.556E-17 7.888E-17 4.096E-16 
3.817E-16 7.065E-16 1.909E-15 4.258E-15 7.134E-15 1.294E-14 5.737E-15 7.649E-15 1.761E-14 
2.702E-14 5.170E-14 1.391E-13 2.998E-13 4.658E-13 9.351E-13 5.151E-13 6.967E-13 1.575E-12 
7.494E-13 1.520E-12 4.299E-12 9.382E-12 1.342E-11 2.373E-11 2.761E-11 3.770E-11 2.816E-11 
B    5
8.645E-15 2.251E-14 1.530E-14 1.162E-14 9.295E-15 5.909E-15 3.993E-15 5.449E-15 2.450E-14 
1.865E-13 1.799E-13 2.322E-13 4.409E-13 7.219E-13 1.412E-12 6.852E-13 8.467E-13 1.965E-12 
2.309E-11 3.555E-11 2.885E-11 5.284E-11 7.814E-11 1.518E-10 2.410E-10 1.419E-10 4.218E-10 
7.288E-10 8.701E-10 1.050E-09 1.694E-09 2.411E-09 4.240E-09 6.292E-09 9.544E-09 1.112E-08 
C    6
7.272E-07 1.794E-06 5.722E-08 2.336E-06 2.416E-06 3.218E-06 4.617E-06 1.901E-03 2.308E-05 
1.336E-05 1.203E-05 1.829E-05 4.873E-05 3.567E-02 3.866E-02 2.512E-01 5.130E-01 1.235E+00 
3.546E-04 6.190E-04 3.184E-04 6.137E-04 1.071E-03 9.843E-02 1.163E+00 1.454E+00 1.954E+00 
1.786E-02 2.615E-02 7.387E-02 3.057E-01 3.920E-01 6.671E-01 8.630E-01 8.984E-01 1.060E+00 
N    7
5.227E-05 1.137E-04 2.549E-07 1.917E-04 1.687E-04 1.897E-04 2.914E-04 2.140E-02 1.169E-03 
2.592E-04 2.930E-04 4.465E-04 1.517E-03 1.516E-02 4.926E-02 7.636E-02 6.300E-02 6.034E-02 
2.505E-03 5.377E-03 4.137E-03 9.751E-03 2.945E-02 8.923E-02 6.008E-02 6.696E-02 1.244E-01 
4.688E-02 6.550E-02 1.238E-01 1.041E-01 1.316E-01 1.748E-01 2.838E-01 4.341E-01 7.446E-01 
O    8
1.360E-05 3.720E-05 5.551E-07 1.219E-04 1.555E-04 2.005E-04 2.546E-04 5.808E-03 2.669E-04 
1.965E-04 1.724E-04 3.848E-04 1.418E-03 8.247E-03 2.175E-02 8.230E-02 1.310E-01 3.179E-01 
3.034E-03 4.911E-03 2.640E-03 7.123E-03 1.382E-02 7.623E-02 2.049E-01 2.309E-01 3.054E-01 
3.284E-02 4.457E-02 6.463E-02 8.276E-02 9.832E-02 1.318E-01 1.276E-01 1.386E-01 1.640E-01 
F    9
6.356E-11 2.932E-10 1.280E-11 1.523E-09 2.651E-09 4.101E-09 5.032E-09 7.561E-09 5.722E-09 
4.470E-09 3.620E-09 9.008E-09 3.417E-08 5.010E-08 6.012E-08 1.054E-07 2.436E-07 1.625E-07 
6.953E-08 1.051E-07 4.795E-08 1.412E-07 1.574E-07 2.787E-07 3.138E-06 6.111E-06 8.167E-06 
2.013E-06 2.198E-06 2.765E-06 4.492E-06 4.941E-06 1.006E-05 1.971E-05 1.136E-05 1.283E-05 
Ne  10
4.408E-07 1.631E-06 3.932E-08 1.119E-05 1.287E-05 1.610E-05 2.128E-05 7.038E-05 2.816E-05 
1.715E-05 1.493E-05 3.491E-05 1.304E-04 2.485E-04 4.379E-04 2.013E-03 1.737E-03 3.419E-03 
2.741E-04 4.626E-04 3.285E-04 7.576E-04 1.662E-03 3.492E-03 1.798E-02 2.612E-02 3.783E-02 
9.733E-03 1.153E-02 1.763E-02 2.856E-02 3.510E-02 5.690E-02 9.671E-02 1.203E-01 1.687E-01 
Na  11
1.263E-07 3.697E-07 4.060E-09 1.952E-06 1.940E-06 2.081E-06 2.594E-06 4.492E-06 3.143E-06 
3.285E-06 3.099E-06 6.663E-06 2.396E-05 3.023E-05 4.194E-05 6.560E-05 6.760E-05 9.502E-05 
2.344E-05 5.050E-05 4.393E-05 9.554E-05 2.500E-04 4.050E-04 6.854E-04 1.058E-03 2.029E-03 
7.843E-04 1.081E-03 1.587E-03 2.012E-03 2.715E-03 3.977E-03 7.471E-03 1.114E-02 1.868E-02 
Mg  12
2.855E-07 1.602E-06 4.272E-08 1.566E-05 1.762E-05 2.062E-05 2.863E-05 3.087E-05 3.472E-05 
1.870E-05 1.589E-05 3.836E-05 1.423E-04 1.811E-04 2.082E-04 2.898E-04 4.012E-04 5.889E-04 
2.865E-04 4.757E-04 3.534E-04 8.009E-04 1.728E-03 2.370E-03 3.874E-03 5.596E-03 9.077E-03 
5.431E-03 6.232E-03 8.389E-03 1.095E-02 1.323E-02 1.840E-02 3.010E-02 4.338E-02 7.038E-02 
Al  13
2.256E-08 1.352E-07 2.867E-09 1.405E-06 1.389E-06 1.776E-06 3.991E-06 5.020E-06 1.118E-05 
1.813E-06 1.627E-06 4.022E-06 1.497E-05 2.018E-05 2.309E-05 3.719E-05 8.541E-05 2.301E-04 
1.610E-05 2.952E-05 2.677E-05 5.610E-05 1.399E-04 2.251E-04 5.199E-04 8.962E-04 1.732E-03 
4.624E-04 5.319E-04 7.305E-04 1.046E-03 1.316E-03 1.903E-03 3.590E-03 5.302E-03 8.840E-03 
Si  14
3.896E-07 2.152E-06 5.871E-08 2.133E-05 2.291E-05 2.735E-05 3.980E-05 6.011E-05 9.312E-05 
2.664E-05 2.274E-05 5.502E-05 2.043E-04 2.586E-04 2.955E-04 3.968E-04 5.881E-04 9.278E-04 
3.928E-04 6.547E-04 4.918E-04 1.111E-03 2.419E-03 3.327E-03 5.600E-03 8.271E-03 1.372E-02 
5.119E-03 5.872E-03 7.913E-03 1.039E-02 1.259E-02 1.754E-02 2.905E-02 4.188E-02 6.787E-02 
P   15
1.333E-09 7.265E-09 1.997E-10 6.991E-08 7.681E-08 9.165E-08 1.293E-07 1.757E-07 2.268E-07 
9.082E-08 7.761E-08 1.872E-07 6.951E-07 9.041E-07 1.113E-06 2.389E-06 2.654E-06 5.066E-06 
1.339E-06 2.238E-06 1.677E-06 3.790E-06 8.258E-06 1.166E-05 2.156E-05 3.149E-05 5.176E-05 
4.489E-05 5.157E-05 6.966E-05 9.150E-05 1.109E-04 1.547E-04 2.560E-04 3.701E-04 5.981E-04 
S   16
1.551E-07 8.432E-07 2.367E-08 8.163E-06 9.020E-06 1.082E-05 1.523E-05 1.897E-05 2.596E-05 
1.077E-05 9.184E-06 2.221E-05 8.251E-05 1.042E-04 1.190E-04 1.578E-04 2.302E-04 3.466E-04 
1.591E-04 2.652E-04 1.992E-04 4.502E-04 9.797E-04 1.347E-03 2.264E-03 3.342E-03 5.544E-03 
2.381E-03 2.731E-03 3.680E-03 4.833E-03 5.854E-03 8.157E-03 1.351E-02 1.947E-02 3.156E-02 
Cl  17
1.843E-09 1.000E-08 2.804E-10 9.671E-08 1.069E-07 1.282E-07 1.805E-07 2.284E-07 3.077E-07 
1.276E-07 1.089E-07 2.632E-07 9.775E-07 1.295E-06 1.545E-06 2.471E-06 3.816E-06 7.141E-06 
1.886E-06 3.151E-06 2.360E-06 5.340E-06 1.165E-05 1.704E-05 3.567E-05 5.131E-05 8.348E-05 
6.329E-05 7.292E-05 9.914E-05 1.303E-04 1.582E-04 2.217E-04 3.660E-04 5.299E-04 8.521E-04 
Ar  18
3.343E-08 1.818E-07 5.102E-09 1.760E-06 1.944E-06 2.332E-06 3.284E-06 4.083E-06 5.597E-06 
2.321E-06 1.980E-06 4.788E-06 1.779E-05 2.239E-05 2.549E-05 3.319E-05 4.839E-05 7.125E-05 
3.430E-05 5.716E-05 4.294E-05 9.703E-05 2.112E-04 2.892E-04 4.786E-04 7.081E-04 1.176E-03 
5.131E-04 5.882E-04 7.918E-04 1.040E-03 1.259E-03 1.753E-03 2.903E-03 4.183E-03 6.786E-03 
K   19
6.885E-10 3.737E-09 1.048E-10 3.614E-08 3.994E-08 4.790E-08 6.745E-08 8.508E-08 1.150E-07 
4.770E-08 4.071E-08 9.836E-08 3.653E-07 4.872E-07 5.702E-07 8.811E-07 1.374E-06 2.478E-06 
7.049E-07 1.178E-06 8.820E-07 1.997E-06 4.364E-06 6.541E-06 1.541E-05 2.209E-05 3.560E-05 
2.371E-05 2.741E-05 3.757E-05 4.965E-05 6.045E-05 8.531E-05 1.405E-04 2.037E-04 3.248E-04 
Ca  20
3.217E-08 1.749E-07 4.909E-09 1.693E-06 1.871E-06 2.244E-06 3.160E-06 3.932E-06 5.386E-06 
2.234E-06 1.905E-06 4.608E-06 1.712E-05 2.159E-05 2.462E-05 3.231E-05 4.741E-05 7.094E-05 
3.301E-05 5.501E-05 4.132E-05 9.338E-05 2.032E-04 2.789E-04 4.648E-04 6.868E-04 1.140E-03 
4.938E-04 5.662E-04 7.625E-04 1.001E-03 1.212E-03 1.688E-03 2.795E-03 4.029E-03 6.535E-03 
Sc  21
1.066E-11 5.714E-11 1.588E-12 5.478E-10 6.053E-10 7.260E-10 1.022E-09 1.519E-09 1.750E-09 
7.251E-10 6.232E-10 1.491E-09 5.537E-09 8.177E-09 1.383E-08 4.828E-08 5.414E-08 1.407E-07 
1.069E-08 1.801E-08 1.338E-08 3.028E-08 6.622E-08 1.045E-07 2.523E-07 3.604E-07 5.754E-07 
3.594E-07 4.153E-07 5.704E-07 7.572E-07 9.231E-07 1.307E-06 2.153E-06 3.101E-06 4.940E-06 
Ti  22
1.399E-09 7.593E-09 2.129E-10 7.344E-08 8.115E-08 9.732E-08 1.371E-07 1.736E-07 2.336E-07 
9.690E-08 8.270E-08 1.998E-07 7.423E-07 9.409E-07 1.108E-06 1.874E-06 2.247E-06 3.650E-06 
1.432E-06 2.388E-06 1.792E-06 4.050E-06 8.815E-06 1.215E-05 2.054E-05 3.030E-05 5.023E-05 
2.404E-05 2.758E-05 3.718E-05 4.882E-05 5.914E-05 8.242E-05 1.364E-04 1.968E-04 3.188E-04 
V   23
7.110E-11 3.865E-10 1.085E-11 3.741E-09 4.134E-09 4.957E-09 6.981E-09 8.734E-09 1.190E-08 
4.935E-09 4.209E-09 1.018E-08 3.781E-08 4.767E-08 5.464E-08 7.872E-08 1.047E-07 1.570E-07 
7.293E-08 1.216E-07 9.129E-08 2.063E-07 4.491E-07 6.172E-07 1.049E-06 1.550E-06 2.562E-06 
2.447E-06 2.808E-06 3.795E-06 5.024E-06 6.093E-06 8.538E-06 1.413E-05 2.026E-05 3.270E-05 
Cr  24
3.721E-09 2.023E-08 5.677E-10 1.958E-07 2.164E-07 2.595E-07 3.655E-07 4.548E-07 6.229E-07 
2.583E-07 2.203E-07 5.329E-07 1.979E-06 2.498E-06 2.847E-06 3.751E-06 5.478E-06 8.183E-06 
3.818E-06 6.363E-06 4.779E-06 1.080E-05 2.350E-05 3.230E-05 5.421E-05 8.005E-05 1.328E-04 
1.279E-04 1.467E-04 1.976E-04 2.595E-04 3.143E-04 4.379E-04 7.250E-04 1.045E-03 1.694E-03 
Mn  25
2.424E-09 1.318E-08 3.699E-10 1.276E-07 1.410E-07 1.691E-07 2.381E-07 2.959E-07 4.058E-07 
1.683E-07 1.435E-07 3.472E-07 1.290E-06 1.635E-06 1.851E-06 2.392E-06 3.514E-06 5.127E-06 
2.487E-06 4.147E-06 3.113E-06 7.040E-06 1.534E-05 2.139E-05 3.990E-05 5.836E-05 9.552E-05 
8.381E-05 9.665E-05 1.321E-04 1.766E-04 2.150E-04 3.044E-04 5.020E-04 7.190E-04 1.146E-03 
Fe  26
2.895E-07 1.574E-06 4.417E-08 1.524E-05 1.684E-05 2.019E-05 2.844E-05 3.535E-05 4.847E-05 
2.010E-05 1.714E-05 4.146E-05 1.540E-04 1.943E-04 2.211E-04 2.871E-04 4.236E-04 6.289E-04 
2.970E-04 4.950E-04 3.718E-04 8.403E-04 1.829E-03 2.512E-03 4.217E-03 6.227E-03 1.033E-02 
9.949E-03 1.141E-02 1.538E-02 2.019E-02 2.445E-02 3.407E-02 5.641E-02 8.133E-02 1.318E-01 
Co  27
9.491E-10 5.143E-09 1.441E-10 4.969E-08 5.491E-08 6.585E-08 9.273E-08 1.188E-07 1.582E-07 
6.563E-08 5.604E-08 1.352E-07 5.023E-07 6.996E-07 8.812E-07 1.497E-06 2.800E-06 6.078E-06 
9.693E-07 1.622E-06 1.213E-06 2.745E-06 5.992E-06 9.153E-06 2.004E-05 2.859E-05 4.609E-05 
3.270E-05 3.804E-05 5.294E-05 7.034E-05 8.601E-05 1.228E-04 2.020E-04 2.904E-04 4.582E-04 
Ni  28
1.599E-08 8.685E-08 2.437E-09 8.404E-07 9.287E-07 1.114E-06 1.568E-06 1.967E-06 2.674E-06 
1.109E-06 9.459E-07 2.287E-06 8.495E-06 1.080E-05 1.266E-05 1.844E-05 2.676E-05 4.485E-05 
1.638E-05 2.732E-05 2.051E-05 4.634E-05 1.009E-04 1.390E-04 2.318E-04 3.418E-04 5.676E-04 
5.486E-04 6.291E-04 8.469E-04 1.110E-03 1.344E-03 1.869E-03 3.096E-03 4.467E-03 7.250E-03 
Cu  29
1.711E-10 8.980E-10 2.462E-11 8.492E-09 9.383E-09 1.125E-08 1.585E-08 2.849E-08 2.725E-08 
1.129E-08 9.808E-09 2.311E-08 8.583E-08 1.395E-07 3.197E-07 1.503E-06 1.441E-06 3.921E-06 
1.660E-07 2.835E-07 2.076E-07 4.692E-07 1.025E-06 1.665E-06 3.726E-06 5.230E-06 8.399E-06 
5.585E-06 6.522E-06 9.052E-06 1.177E-05 1.435E-05 2.029E-05 3.333E-05 4.892E-05 7.746E-05 
Zn  30
4.024E-10 2.144E-09 5.939E-11 2.049E-08 2.264E-08 2.715E-08 3.823E-08 6.018E-08 6.543E-08 
2.711E-08 2.337E-08 5.575E-08 2.071E-07 2.798E-07 4.957E-07 2.315E-06 1.527E-06 3.698E-06 
3.998E-07 6.743E-07 5.003E-07 1.130E-06 2.460E-06 3.486E-06 5.999E-06 8.758E-06 1.447E-05 
1.337E-05 1.536E-05 2.073E-05 2.710E-05 3.282E-05 4.568E-05 7.561E-05 1.093E-04 1.772E-04 
Ga  31
1.442E-11 7.211E-11 1.912E-12 6.596E-10 7.288E-10 8.741E-10 1.231E-09 3.222E-09 2.127E-09 
8.784E-10 7.859E-10 1.795E-09 6.667E-09 9.310E-09 2.797E-08 2.739E-07 7.989E-08 2.075E-07 
1.291E-08 2.260E-08 1.613E-08 3.640E-08 7.930E-08 1.140E-07 2.117E-07 3.091E-07 5.067E-07 
4.321E-07 4.982E-07 6.776E-07 8.916E-07 1.083E-06 1.519E-06 2.508E-06 3.632E-06 5.831E-06 
Ge  32
5.888E-11 3.013E-10 8.113E-12 2.798E-09 3.092E-09 3.708E-09 5.222E-09 1.177E-08 8.979E-09 
3.712E-09 3.280E-09 7.615E-09 2.829E-08 3.733E-08 8.746E-08 8.788E-07 2.080E-07 4.925E-07 
5.470E-08 9.440E-08 6.839E-08 1.543E-07 3.360E-07 4.697E-07 8.103E-07 1.190E-06 1.968E-06 
1.828E-06 2.099E-06 2.834E-06 3.716E-06 4.502E-06 6.277E-06 1.039E-05 1.501E-05 2.429E-05 
As  33
2.678E-12 1.381E-11 3.739E-13 1.290E-10 1.425E-10 1.709E-10 2.407E-10 5.178E-10 4.130E-10 
1.708E-10 1.504E-10 3.509E-10 1.304E-09 1.684E-09 3.488E-09 3.698E-08 7.284E-09 1.588E-08 
2.520E-09 4.330E-09 3.151E-09 7.112E-09 1.548E-08 2.141E-08 3.586E-08 5.282E-08 8.766E-08 
8.415E-08 9.652E-08 1.300E-07 1.701E-07 2.060E-07 2.864E-07 4.739E-07 6.851E-07 1.112E-06 
Se  34
3.047E-11 1.585E-10 4.321E-12 1.490E-09 1.647E-09 1.975E-09 2.781E-09 5.322E-09 4.762E-09 
1.971E-09 1.724E-09 4.055E-09 1.506E-08 1.924E-08 3.360E-08 3.263E-07 6.538E-08 1.288E-07 
2.910E-08 4.975E-08 3.640E-08 8.219E-08 1.789E-07 2.466E-07 4.146E-07 6.133E-07 1.017E-06 
9.731E-07 1.116E-06 1.504E-06 1.974E-06 2.391E-06 3.331E-06 5.516E-06 7.959E-06 1.290E-05 
Br  35
4.819E-12 2.528E-11 6.930E-13 2.390E-10 2.641E-10 3.168E-10 4.461E-10 7.843E-10 7.627E-10 
3.160E-10 2.751E-10 6.504E-10 2.416E-09 3.065E-09 4.811E-09 4.146E-08 9.063E-09 1.660E-08 
4.666E-09 7.936E-09 5.836E-09 1.318E-08 2.868E-08 3.936E-08 6.500E-08 9.625E-08 1.600E-07 
1.559E-07 1.787E-07 2.404E-07 3.147E-07 3.808E-07 5.289E-07 8.751E-07 1.264E-06 2.055E-06 
Kr  36
2.682E-11 1.381E-10 3.727E-12 1.286E-09 1.421E-09 1.704E-09 2.399E-09 5.213E-09 4.110E-09 
1.701E-09 1.501E-09 3.498E-09 1.299E-08 1.663E-08 2.979E-08 3.919E-07 5.421E-08 1.039E-07 
2.512E-08 4.337E-08 3.140E-08 7.091E-08 1.544E-07 2.143E-07 3.722E-07 5.458E-07 9.020E-07 
8.400E-07 9.649E-07 1.304E-06 1.714E-06 2.077E-06 2.901E-06 4.799E-06 6.920E-06 1.119E-05 
Rb  37
4.893E-12 2.578E-11 7.081E-13 2.442E-10 2.699E-10 3.237E-10 4.558E-10 7.555E-10 7.785E-10 
3.226E-10 2.803E-10 6.646E-10 2.469E-09 3.123E-09 4.352E-09 3.621E-08 7.934E-09 1.319E-08 
4.767E-09 8.107E-09 5.962E-09 1.347E-08 2.930E-08 4.022E-08 6.637E-08 9.794E-08 1.628E-07 
1.594E-07 1.828E-07 2.459E-07 3.222E-07 3.899E-07 5.422E-07 8.984E-07 1.295E-06 2.103E-06 
Sr  38
1.440E-11 6.585E-11 1.625E-12 5.604E-10 6.192E-10 7.426E-10 1.046E-09 3.834E-09 1.800E-09 
7.441E-10 7.086E-10 1.525E-09 5.664E-09 7.449E-09 1.632E-08 4.678E-07 2.875E-08 5.970E-08 
1.101E-08 2.121E-08 1.370E-08 3.092E-08 6.738E-08 9.615E-08 1.813E-07 2.633E-07 4.318E-07 
3.670E-07 4.233E-07 5.765E-07 7.579E-07 9.206E-07 1.292E-06 2.131E-06 3.088E-06 4.957E-06 
Y   39
2.836E-12 1.388E-11 3.606E-13 1.244E-10 1.375E-10 1.649E-10 2.322E-10 5.812E-10 3.973E-10 
1.646E-10 1.499E-10 3.385E-10 1.257E-09 1.616E-09 2.537E-09 5.915E-08 4.817E-09 9.077E-09 
2.436E-09 4.512E-09 3.038E-09 6.861E-09 1.493E-08 2.075E-08 3.548E-08 5.215E-08 8.631E-08 
8.124E-08 9.325E-08 1.258E-07 1.651E-07 2.000E-07 2.788E-07 4.616E-07 6.658E-07 1.078E-06 
Zr  40
6.078E-12 3.118E-11 8.419E-13 2.904E-10 3.209E-10 3.848E-10 5.420E-10 9.432E-10 9.250E-10 
3.836E-10 3.377E-10 7.903E-10 2.935E-09 3.730E-09 4.827E-09 6.168E-08 9.418E-09 1.596E-08 
5.674E-09 1.014E-08 7.089E-09 1.602E-08 3.486E-08 4.808E-08 8.122E-08 1.197E-07 1.985E-07 
1.896E-07 2.176E-07 2.933E-07 3.849E-07 4.662E-07 6.497E-07 1.076E-06 1.551E-06 2.514E-06 
Nb  41
4.674E-13 2.447E-12 6.702E-14 2.311E-11 2.554E-11 3.063E-11 4.314E-11 6.550E-11 7.357E-11 
3.052E-11 2.654E-11 6.290E-11 2.337E-10 2.953E-10 3.609E-10 3.022E-09 7.016E-10 1.132E-09 
4.513E-10 7.929E-10 5.642E-10 1.275E-09 2.773E-09 3.803E-09 6.216E-09 9.163E-09 1.530E-08 
1.506E-08 1.725E-08 2.316E-08 3.007E-08 3.636E-08 5.022E-08 8.305E-08 1.209E-07 1.972E-07 
Mo  42
1.276E-12 6.810E-12 1.890E-13 6.518E-11 7.203E-11 8.638E-11 1.216E-10 1.646E-10 2.074E-10 
8.602E-11 7.401E-11 1.774E-10 6.589E-10 8.320E-10 9.763E-10 4.312E-09 1.881E-09 2.898E-09 
1.272E-09 2.186E-09 1.591E-09 3.595E-09 7.824E-09 1.076E-08 1.822E-08 2.697E-08 4.459E-08 
4.263E-08 4.893E-08 6.606E-08 8.738E-08 1.059E-07 1.483E-07 2.457E-07 3.524E-07 5.690E-07 
Xe  54
1.391E-12 7.489E-12 2.089E-13 7.206E-11 7.963E-11 9.550E-11 1.345E-10 1.744E-10 2.292E-10 
9.508E-11 8.146E-11 1.961E-10 7.284E-10 9.178E-10 1.061E-09 3.062E-09 2.028E-09 3.053E-09 
1.405E-09 2.388E-09 1.759E-09 3.974E-09 8.648E-09 1.185E-08 1.966E-08 2.905E-08 4.829E-08 
4.703E-08 5.392E-08 7.255E-08 9.508E-08 1.151E-07 1.601E-07 2.651E-07 3.826E-07 6.211E-07 
Cs  55
2.645E-13 1.429E-12 3.995E-14 1.378E-11 1.523E-11 1.826E-11 2.572E-11 3.287E-11 4.383E-11 
1.818E-11 1.555E-11 3.750E-11 1.393E-10 1.749E-10 2.013E-10 4.718E-10 3.809E-10 5.655E-10 
2.687E-10 4.533E-10 3.363E-10 7.598E-10 1.653E-09 2.251E-09 3.578E-09 5.289E-09 8.858E-09 
8.968E-09 1.026E-08 1.375E-08 1.783E-08 2.154E-08 2.969E-08 4.912E-08 7.146E-08 1.169E-07 
Ba  56
3.469E-12 1.862E-11 5.187E-13 1.789E-10 1.977E-10 2.371E-10 3.339E-10 4.376E-10 5.692E-10 
2.361E-10 2.025E-10 4.868E-10 1.808E-09 2.303E-09 2.705E-09 8.657E-09 5.509E-09 8.912E-09 
3.490E-09 6.035E-09 4.366E-09 9.868E-09 2.148E-08 2.985E-08 5.220E-08 7.669E-08 1.267E-07 
1.169E-07 1.344E-07 1.817E-07 2.388E-07 2.895E-07 4.045E-07 6.692E-07 9.655E-07 1.560E-06 
La  57
2.893E-13 1.564E-12 4.372E-14 1.508E-11 1.667E-11 1.999E-11 2.814E-11 3.592E-11 4.798E-11 
1.990E-11 1.701E-11 4.104E-11 1.524E-10 1.935E-10 2.257E-10 4.898E-10 4.569E-10 7.336E-10 
2.941E-10 5.023E-10 3.680E-10 8.317E-10 1.810E-09 2.499E-09 4.237E-09 6.245E-09 1.035E-08 
9.849E-09 1.130E-08 1.524E-08 2.001E-08 2.423E-08 3.378E-08 5.592E-08 8.065E-08 1.306E-07 
Ce  58
7.743E-13 4.198E-12 1.176E-13 4.057E-11 4.483E-11 5.377E-11 7.572E-11 9.542E-11 1.291E-10 
5.354E-11 4.570E-11 1.104E-10 4.101E-10 5.190E-10 6.004E-10 1.024E-09 1.190E-09 1.862E-09 
7.911E-10 1.336E-09 9.901E-10 2.238E-09 4.870E-09 6.706E-09 1.132E-08 1.670E-08 2.768E-08 
2.650E-08 3.040E-08 4.098E-08 5.381E-08 6.517E-08 9.083E-08 1.504E-07 2.169E-07 3.513E-07 
Pr  59
1.214E-13 6.592E-13 1.849E-14 6.377E-12 7.047E-12 8.451E-12 1.190E-11 1.490E-11 2.029E-11 
8.413E-12 7.178E-12 1.735E-11 6.446E-11 8.115E-11 9.319E-11 1.404E-10 1.797E-10 2.718E-10 
1.243E-10 2.084E-10 1.556E-10 3.516E-10 7.650E-10 1.045E-09 1.693E-09 2.504E-09 4.174E-09 
4.157E-09 4.760E-09 6.393E-09 8.359E-09 1.011E-08 1.403E-08 2.325E-08 3.354E-08 5.462E-08 
Nd  60
3.875E-13 2.104E-12 5.899E-14 2.035E-11 2.249E-11 2.697E-11 3.797E-11 4.763E-11 6.473E-11 
2.685E-11 2.291E-11 5.537E-11 2.057E-10 2.599E-10 2.994E-10 4.628E-10 5.868E-10 9.037E-10 
3.967E-10 6.665E-10 4.966E-10 1.122E-09 2.442E-09 3.358E-09 5.643E-09 8.333E-09 1.382E-08 
1.329E-08 1.524E-08 2.054E-08 2.699E-08 3.269E-08 4.557E-08 7.546E-08 1.087E-07 1.762E-07 
Hg  80
1.804E-13 9.795E-13 2.747E-14 9.475E-12 1.047E-11 1.256E-11 1.768E-11 2.215E-11 3.014E-11 
1.250E-11 1.067E-11 2.578E-11 9.578E-11 1.212E-10 1.395E-10 2.093E-10 2.734E-10 4.202E-10 
1.847E-10 3.099E-10 2.312E-10 5.226E-10 1.138E-09 1.570E-09 2.710E-09 3.999E-09 6.610E-09 
6.196E-09 7.116E-09 9.616E-09 1.268E-08 1.537E-08 2.150E-08 3.556E-08 5.124E-08 8.273E-08 
Tl  81
2.663E-13 1.446E-12 4.057E-14 1.399E-11 1.546E-11 1.854E-11 2.611E-11 3.268E-11 4.451E-11 
1.846E-11 1.575E-11 3.808E-11 1.414E-10 1.788E-10 2.056E-10 3.014E-10 4.024E-10 6.174E-10 
2.728E-10 4.569E-10 3.415E-10 7.717E-10 1.679E-09 2.312E-09 3.893E-09 5.732E-09 9.518E-09 
9.134E-09 1.048E-08 1.411E-08 1.848E-08 2.238E-08 3.113E-08 5.154E-08 7.446E-08 1.208E-07 
Pb  82
1.911E-12 1.038E-11 2.913E-13 1.005E-10 1.110E-10 1.332E-10 1.875E-10 2.348E-10 3.197E-10 
1.326E-10 1.131E-10 2.734E-10 1.016E-09 1.287E-09 1.484E-09 2.158E-09 2.952E-09 4.609E-09 
1.959E-09 3.272E-09 2.452E-09 5.542E-09 1.206E-08 1.665E-08 2.840E-08 4.185E-08 6.932E-08 
6.564E-08 7.534E-08 1.016E-07 1.335E-07 1.618E-07 2.256E-07 3.734E-07 5.386E-07 8.718E-07 
Bi  83
1.529E-13 8.311E-13 2.333E-14 8.046E-12 8.891E-12 1.066E-11 1.501E-11 1.869E-11 2.559E-11 
1.061E-11 9.052E-12 2.189E-11 8.133E-11 1.026E-10 1.170E-10 1.549E-10 2.253E-10 3.369E-10 
1.569E-10 2.614E-10 1.963E-10 4.437E-10 9.656E-10 1.326E-09 2.217E-09 3.275E-09 5.435E-09 
5.253E-09 6.025E-09 8.116E-09 1.066E-08 1.291E-08 1.798E-08 2.977E-08 4.291E-08 6.957E-08 
