53 4 4
3.24E-05 3.24E-04 3.24E-03 1.35E-02 
1.30E+01 1.50E+01 2.00E+01 2.50E+01 
H    1
3.975E+00 4.189E+00 5.847E+00 7.114E+00 
3.439E+00 4.044E+00 5.307E+00 8.605E+00 
3.656E+00 3.724E+00 2.358E+00 2.569E+00 
0.000E+00 -1.776E-14 -2.483E-11 -5.481E-10 
He   2
3.483E+00 3.946E+00 5.127E+00 6.197E+00 
3.245E+00 3.790E+00 4.954E+00 6.617E+00 
3.402E+00 3.785E+00 3.775E+00 3.975E+00 
8.409E-01 1.013E+00 5.876E-01 5.714E-01 
Li   3
1.136E-10 1.829E-10 5.439E-11 5.187E-11 
9.338E-10 6.076E-10 3.359E-11 3.068E-09 
3.532E-10 6.739E-10 3.108E-10 1.789E-10 
4.000E-16 2.000E-15 -1.000E-15 -9.000E-15 
Be   4
0.000E+00 0.000E+00 0.000E+00 0.000E+00 
1.000E-19 1.000E-19 0.000E+00 0.000E+00 
1.100E-16 3.000E-17 0.000E+00 0.000E+00 
0.000E+00 0.000E+00 0.000E+00 0.000E+00 
B    5
2.633E-13 3.665E-13 2.500E-13 2.414E-13 
5.270E-12 6.063E-12 6.677E-12 4.322E-12 
1.509E-10 1.386E-10 6.190E-11 4.432E-11 
3.700E-14 5.500E-14 4.300E-14 2.000E-15 
C    6
2.739E-01 3.750E-01 5.497E-01 6.231E-01 
3.053E-01 3.883E-01 5.581E-01 8.556E-01 
3.150E-01 4.065E-01 5.945E-01 7.035E-01 
3.597E-01 3.560E-01 1.019E+00 1.239E+00 
N    7
3.362E-02 1.768E-02 5.293E-02 8.631E-02 
6.020E-02 6.987E-02 1.004E-01 8.277E-03 
6.829E-02 9.315E-02 1.282E-01 7.171E-02 
6.014E-03 5.355E-03 1.165E-03 6.104E-04 
O    8
1.459E+00 2.012E+00 3.126E+00 4.705E+00 
1.479E+00 1.663E+00 3.106E+00 4.639E+00 
1.258E+00 1.907E+00 3.348E+00 4.895E+00 
1.283E+00 1.893E+00 2.557E+00 3.561E+00 
F    9
1.003E-04 1.528E-03 1.024E-03 2.096E-04 
5.276E-05 1.138E-04 1.721E-04 1.441E-04 
2.082E-05 8.097E-05 4.253E-04 5.122E-04 
1.200E-05 6.485E-04 1.108E-04 1.168E-05 
Ne  10
6.683E-02 8.739E-02 1.669E-01 5.419E-01 
1.330E-01 9.475E-02 1.170E-01 4.485E-01 
8.225E-02 1.303E-01 2.035E-01 6.738E-01 
4.754E-02 8.229E-02 1.208E-01 3.781E-01 
Na  11
1.438E-04 1.963E-04 5.780E-04 1.904E-03 
5.148E-04 4.308E-04 5.291E-04 1.663E-03 
7.526E-04 1.181E-03 1.455E-03 4.492E-03 
8.485E-04 1.133E-03 1.839E-03 5.555E-03 
Mg  12
2.044E-02 1.371E-02 6.213E-02 1.170E-01 
3.405E-02 1.730E-02 5.135E-02 1.301E-01 
1.833E-02 3.975E-02 6.656E-02 1.445E-01 
1.675E-02 3.348E-02 5.310E-02 1.240E-01 
Al  13
6.576E-04 3.017E-04 1.808E-03 4.663E-03 
1.363E-03 5.899E-04 2.465E-03 7.447E-03 
1.093E-03 2.877E-03 4.957E-03 1.129E-02 
1.343E-03 1.732E-03 3.668E-03 1.209E-02 
Si  14
7.778E-02 1.819E-01 1.638E-01 2.065E-01 
7.791E-02 1.987E-01 2.096E-01 2.227E-01 
1.433E-01 1.137E-01 2.234E-01 2.184E-01 
1.007E-01 1.116E-01 2.242E-01 2.966E-01 
P   15
1.180E-04 2.532E-04 3.459E-04 5.719E-04 
1.927E-04 3.861E-04 6.376E-04 1.051E-03 
4.332E-04 5.515E-04 1.296E-03 1.509E-03 
8.562E-04 9.848E-04 2.105E-03 2.954E-03 
S   16
3.357E-02 1.350E-01 5.761E-02 6.601E-02 
2.790E-02 2.037E-01 8.315E-02 7.212E-02 
1.355E-01 6.638E-02 8.321E-02 7.580E-02 
4.804E-02 5.311E-02 9.377E-02 1.028E-01 
Cl  17
5.791E-05 5.329E-04 9.887E-05 1.311E-04 
5.131E-05 1.062E-03 1.785E-04 2.302E-04 
9.147E-04 1.340E-04 3.824E-04 3.821E-04 
3.789E-04 4.614E-04 9.043E-04 8.408E-04 
Ar  18
6.818E-03 2.928E-02 1.103E-02 1.266E-02 
5.446E-03 6.104E-02 1.670E-02 1.347E-02 
4.073E-02 1.676E-02 1.533E-02 1.432E-02 
9.485E-03 1.008E-02 1.582E-02 1.734E-02 
K   19
4.799E-05 5.692E-04 6.698E-05 7.785E-05 
3.436E-05 1.900E-03 1.057E-04 1.334E-04 
1.701E-03 5.845E-05 1.978E-04 1.819E-04 
1.739E-04 2.625E-04 3.117E-04 3.071E-04 
Ca  20
6.059E-03 1.553E-02 9.838E-03 1.162E-02 
4.946E-03 6.887E-02 1.532E-02 1.128E-02 
4.595E-02 1.954E-02 1.172E-02 1.167E-02 
6.346E-03 4.952E-03 8.317E-03 1.080E-02 
Sc  21
2.434E-07 9.629E-07 3.216E-07 4.452E-07 
2.555E-07 7.745E-06 6.932E-07 8.466E-07 
7.474E-06 2.259E-06 3.202E-06 4.994E-06 
3.378E-06 8.100E-06 1.243E-05 1.164E-05 
Ti  22
8.089E-05 1.021E-04 1.071E-04 1.161E-04 
8.145E-05 2.067E-04 1.199E-04 1.290E-04 
2.162E-04 1.129E-04 1.593E-04 2.030E-04 
1.374E-04 1.351E-04 1.812E-04 2.432E-04 
V   23
2.339E-06 4.064E-06 1.736E-06 1.322E-06 
2.508E-06 1.006E-05 4.103E-06 3.333E-06 
1.444E-05 7.695E-06 7.273E-06 8.705E-06 
1.346E-05 1.561E-04 1.930E-05 2.166E-05 
Cr  24
6.000E-04 8.204E-04 8.277E-04 6.575E-04 
5.197E-04 9.718E-04 8.528E-04 6.868E-04 
8.482E-04 8.141E-04 8.083E-04 8.035E-04 
8.146E-04 9.516E-03 8.772E-04 1.216E-03 
Mn  25
1.074E-04 1.689E-04 9.366E-05 6.536E-05 
1.132E-04 2.212E-04 1.901E-04 1.288E-04 
2.974E-04 3.255E-04 2.014E-04 2.084E-04 
3.964E-04 9.138E-03 4.120E-04 5.217E-04 
Fe  26
7.274E-02 7.329E-02 7.257E-02 7.265E-02 
7.315E-02 7.404E-02 7.370E-02 7.356E-02 
7.619E-02 7.772E-02 7.503E-02 7.539E-02 
7.781E-02 3.079E-01 7.938E-02 8.141E-02 
Co  27
8.146E-05 1.042E-04 6.452E-05 8.017E-05 
1.235E-04 7.101E-05 1.047E-04 1.086E-04 
1.682E-04 1.386E-04 1.602E-04 1.765E-04 
2.768E-04 4.416E-04 6.500E-04 7.411E-04 
Ni  28
6.370E-03 6.417E-03 6.362E-03 6.407E-03 
6.404E-03 6.581E-03 6.527E-03 6.466E-03 
6.740E-03 6.969E-03 6.732E-03 6.815E-03 
7.453E-03 2.728E-02 8.790E-03 9.062E-03 
Cu  29
2.667E-05 5.399E-06 1.604E-05 2.452E-05 
7.247E-06 2.585E-05 9.560E-06 9.239E-06 
2.472E-05 4.297E-05 6.563E-05 9.729E-05 
1.587E-04 3.084E-04 4.292E-04 5.602E-04 
Zn  30
6.246E-05 2.879E-05 3.644E-05 7.193E-05 
3.095E-05 5.244E-05 3.646E-05 3.903E-05 
6.953E-05 8.635E-05 1.414E-04 2.221E-04 
2.207E-04 4.981E-04 5.772E-04 7.472E-04 
Ga  31
1.350E-08 1.476E-08 5.640E-08 7.474E-08 
2.646E-07 4.813E-07 1.346E-06 2.703E-06 
3.377E-06 9.134E-06 1.935E-05 3.171E-05 
2.210E-05 7.096E-05 6.294E-05 8.690E-05 
Ge  32
4.442E-08 4.453E-08 2.087E-07 2.150E-07 
8.570E-07 1.650E-06 4.294E-06 1.115E-05 
1.147E-05 2.669E-05 5.747E-05 1.082E-04 
4.765E-05 1.794E-04 1.612E-04 2.022E-04 
As  33
1.890E-09 1.852E-09 9.411E-09 9.212E-09 
3.491E-08 7.379E-08 3.106E-07 9.689E-07 
6.236E-07 2.093E-06 5.496E-06 9.393E-06 
3.126E-06 1.432E-05 1.038E-05 1.591E-05 
Se  34
2.687E-08 2.266E-08 1.241E-07 5.645E-08 
4.359E-07 9.051E-07 1.950E-06 7.583E-06 
5.342E-06 1.165E-05 2.858E-05 5.907E-05 
1.704E-05 7.705E-05 6.426E-05 7.095E-05 
Br  35
4.087E-09 3.400E-09 1.929E-08 6.957E-09 
6.384E-08 1.379E-07 2.618E-07 1.363E-06 
7.695E-07 1.795E-06 4.418E-06 1.016E-05 
1.875E-06 7.943E-06 6.607E-06 9.158E-06 
Kr  36
2.454E-08 1.613E-08 1.721E-07 2.873E-08 
3.353E-07 8.789E-07 1.234E-06 7.831E-06 
4.478E-06 7.949E-06 1.924E-05 4.655E-05 
8.807E-06 4.359E-05 2.763E-05 3.473E-05 
Rb  37
5.811E-09 3.997E-09 5.755E-08 4.170E-09 
7.377E-08 1.592E-07 3.219E-07 2.417E-06 
1.079E-06 1.871E-06 5.115E-06 1.322E-05 
1.893E-06 1.217E-05 7.081E-06 8.518E-06 
Sr  38
2.164E-08 1.247E-08 7.220E-08 1.628E-08 
3.497E-07 7.529E-07 1.014E-06 1.479E-05 
2.613E-06 5.954E-06 1.772E-05 5.026E-05 
5.035E-06 2.757E-05 1.083E-05 1.707E-05 
Y   39
3.973E-09 2.164E-09 1.378E-08 2.000E-09 
6.427E-08 1.432E-07 1.611E-07 3.003E-06 
4.315E-07 8.840E-07 2.521E-06 6.904E-06 
6.326E-07 3.588E-06 1.655E-06 2.004E-06 
Zr  40
5.624E-09 2.787E-09 2.335E-08 2.166E-09 
8.920E-08 2.423E-07 1.610E-07 4.579E-06 
6.817E-07 9.094E-07 2.317E-06 6.751E-06 
7.848E-07 3.956E-06 2.290E-06 2.047E-06 
Nb  41
3.043E-10 1.330E-10 1.254E-09 9.364E-11 
4.769E-09 1.352E-08 5.506E-09 2.190E-07 
2.923E-08 4.263E-08 8.330E-08 2.839E-07 
2.508E-08 1.339E-07 8.138E-08 8.609E-08 
Mo  42
5.001E-10 1.879E-10 1.834E-09 1.948E-10 
6.985E-09 2.471E-08 6.266E-09 2.952E-07 
3.175E-08 5.273E-08 9.975E-08 2.537E-07 
4.318E-08 1.484E-07 9.859E-08 1.403E-07 
Xe  54
3.189E-10 1.349E-10 2.252E-09 1.429E-10 
4.816E-09 1.699E-08 3.731E-09 2.084E-07 
1.955E-08 2.966E-08 5.399E-08 1.471E-07 
2.480E-08 8.676E-08 5.692E-08 8.180E-08 
Cs  55
4.191E-11 2.137E-11 3.622E-10 2.462E-11 
6.639E-10 2.302E-09 6.629E-10 2.980E-08 
3.207E-09 5.378E-09 8.370E-09 1.937E-08 
3.933E-09 1.308E-08 8.289E-09 1.165E-08 
Ba  56
1.158E-09 4.337E-10 3.824E-09 5.642E-10 
1.829E-08 7.678E-08 1.103E-08 7.006E-07 
5.498E-08 8.743E-08 1.512E-07 4.007E-07 
1.059E-07 2.913E-07 2.263E-07 3.372E-07 
La  57
5.920E-11 2.692E-11 1.807E-10 4.369E-11 
8.856E-10 4.286E-09 5.981E-10 3.471E-08 
3.386E-09 4.747E-09 7.335E-09 1.798E-08 
6.927E-09 1.772E-08 1.707E-08 2.392E-08 
Ce  58
8.961E-11 5.362E-11 3.230E-10 9.649E-11 
1.232E-09 6.167E-09 1.052E-09 4.099E-08 
6.020E-09 7.973E-09 1.138E-08 2.393E-08 
1.406E-08 3.119E-08 3.207E-08 4.330E-08 
Pr  59
1.019E-11 6.956E-12 2.616E-10 1.191E-11 
1.330E-10 5.799E-10 1.491E-10 7.417E-09 
1.140E-09 1.129E-09 1.472E-09 2.204E-09 
1.857E-09 5.994E-09 1.144E-08 5.918E-09 
Nd  60
3.291E-11 2.393E-11 5.790E-11 4.967E-11 
4.074E-10 1.952E-09 4.754E-10 8.655E-09 
2.239E-09 3.488E-09 5.289E-09 9.100E-09 
6.885E-09 1.233E-08 1.107E-08 2.496E-08 
Hg  80
1.259E-11 1.031E-11 2.789E-11 1.886E-11 
1.557E-10 7.363E-10 2.017E-10 3.226E-09 
9.608E-10 1.322E-09 1.785E-09 3.254E-09 
3.392E-09 6.074E-09 5.971E-09 7.207E-09 
Tl  81
1.565E-11 1.408E-11 3.112E-11 2.696E-11 
1.820E-10 7.252E-10 2.315E-10 3.365E-09 
1.359E-09 1.739E-09 2.176E-09 4.162E-09 
3.553E-09 6.825E-09 6.122E-09 9.447E-09 
Pb  82
1.109E-10 1.156E-10 2.374E-10 2.222E-10 
1.212E-09 3.251E-09 1.888E-09 1.207E-08 
1.055E-08 1.395E-08 1.795E-08 3.101E-08 
3.215E-08 5.956E-08 6.829E-08 9.452E-08 
Bi  83
5.867E-12 6.718E-12 1.055E-11 1.201E-11 
5.497E-11 6.794E-11 8.873E-11 1.756E-10 
5.859E-10 6.565E-10 6.446E-10 8.680E-10 
1.351E-09 1.961E-09 2.355E-09 3.252E-09 
