53 4 9
3.24E-05 3.24E-04 3.24E-03 1.35E-02 
1.30E+01 1.50E+01 2.00E+01 2.50E+01 3.00E+01 4.00E+01 6.00E+01 8.00E+01 1.20E+02 
H    1
1.602E-02 3.583E-02 1.564E-01 2.753E-01 1.526E-02 2.429E-02 4.351E-02 7.518E-02 2.593E-01 
2.528E-02 1.586E-01 2.074E-01 2.590E-01 1.049E-01 1.918E-01 2.905E-01 1.065E+00 1.264E+01 
3.766E-01 5.986E-01 1.198E+00 3.192E+00 1.287E+00 7.996E+00 1.186E+01 2.310E+01 3.162E+01 
7.944E-01 1.219E+00 8.500E+00 1.014E+01 1.158E+01 1.454E+01 2.046E+01 2.522E+01 3.673E+01 
He   2
5.062E-03 1.133E-02 4.939E-02 8.709E-02 4.819E-03 7.671E-03 1.374E-02 2.375E-02 8.191E-02 
8.002E-03 5.016E-02 6.564E-02 8.186E-02 3.315E-02 6.059E-02 9.180E-02 3.366E-01 4.543E+00 
1.280E-01 2.047E-01 4.173E-01 1.150E+00 4.310E-01 3.240E+00 6.093E+00 1.692E+01 3.713E+01 
3.197E-01 4.996E-01 3.791E+00 6.102E+00 7.336E+00 1.097E+01 2.161E+01 3.010E+01 5.198E+01 
Li   3
4.127E-11 9.393E-11 4.098E-10 5.129E-10 4.115E-11 6.551E-11 1.174E-10 2.028E-10 6.994E-10 
5.835E-11 3.074E-10 4.095E-10 5.127E-10 2.830E-10 5.174E-10 7.839E-10 1.643E-09 2.475E-09 
6.653E-11 1.336E-10 4.136E-10 5.180E-10 6.223E-10 8.309E-10 1.492E-09 1.751E-09 2.570E-09 
9.088E-10 1.129E-09 1.918E-09 2.432E-09 2.952E-09 4.134E-09 6.043E-09 7.749E-09 1.184E-08 
Be   4
3.232E-15 7.356E-15 3.211E-14 4.019E-14 3.223E-15 5.130E-15 9.192E-15 1.588E-14 5.478E-14 
4.571E-14 2.849E-13 3.541E-13 4.281E-13 2.217E-13 4.052E-13 6.139E-13 1.287E-12 1.932E-12 
5.929E-13 1.114E-12 4.004E-12 6.179E-12 7.179E-12 9.103E-12 1.132E-11 1.444E-11 2.132E-11 
1.680E-11 2.087E-11 6.222E-11 7.676E-11 9.103E-11 1.184E-10 1.710E-10 1.906E-10 2.908E-10 
B    5
8.164E-14 1.851E-13 8.228E-13 1.397E-12 8.081E-14 1.286E-13 2.305E-13 3.982E-13 1.374E-12 
1.184E-12 8.167E-12 1.026E-11 1.370E-11 5.558E-12 1.016E-11 1.539E-11 5.283E-11 2.890E-10 
5.775E-11 9.433E-11 2.183E-10 5.516E-10 6.216E-10 1.792E-09 2.388E-09 3.012E-09 4.309E-09 
1.356E-09 1.984E-09 1.166E-08 1.408E-08 1.636E-08 2.136E-08 3.138E-08 3.881E-08 5.621E-08 
C    6
9.118E-08 2.054E-07 9.085E-07 1.599E-06 8.895E-08 1.416E-07 2.537E-07 4.383E-07 1.512E-06 
1.381E-06 9.110E-06 1.169E-05 1.511E-05 6.119E-06 1.119E-05 1.695E-05 6.213E-05 6.446E-04 
1.511E-04 2.420E-04 5.039E-04 1.340E-03 7.638E-04 4.221E-03 5.477E-03 8.891E-03 2.439E-01 
1.802E-03 2.747E-03 1.887E-02 2.288E-02 2.650E-02 3.374E-02 4.000E-01 1.124E+00 2.020E+00 
N    7
1.894E-08 4.064E-08 1.494E-07 2.719E-07 1.399E-08 2.227E-08 3.990E-08 6.893E-08 2.378E-07 
3.885E-07 1.703E-06 2.631E-06 2.376E-06 9.623E-07 1.759E-06 2.665E-06 9.771E-06 7.203E-04 
1.636E-04 2.754E-04 5.973E-04 1.945E-03 1.201E-04 4.336E-03 1.323E-02 4.980E-02 1.057E-01 
2.448E-03 3.943E-03 3.298E-02 5.501E-02 6.780E-02 1.046E-01 2.076E-01 2.856E-01 4.975E-01 
O    8
4.297E-07 9.612E-07 4.210E-06 7.407E-06 4.110E-07 6.543E-07 1.172E-06 2.025E-06 6.986E-06 
6.762E-06 4.267E-05 5.564E-05 6.981E-05 2.827E-05 5.168E-05 7.830E-05 2.871E-04 2.990E-03 
9.877E-04 1.553E-03 3.051E-03 7.831E-03 3.529E-03 2.005E-02 2.653E-02 4.034E-02 1.747E-01 
5.805E-03 8.805E-03 5.856E-02 6.700E-02 7.397E-02 8.748E-02 1.494E-01 2.422E-01 3.686E-01 
F    9
1.061E-11 2.376E-11 1.043E-10 1.836E-10 1.019E-11 1.623E-11 2.907E-11 5.023E-11 1.733E-10 
1.671E-10 1.057E-09 1.379E-09 1.732E-09 7.012E-10 1.282E-09 1.942E-09 7.120E-09 7.402E-08 
2.463E-08 3.865E-08 7.602E-08 1.943E-07 8.753E-08 4.949E-07 6.280E-07 9.673E-07 1.222E-06 
4.852E-07 7.322E-07 4.950E-06 5.686E-06 6.221E-06 7.331E-06 1.357E-05 1.530E-05 2.545E-05 
Ne  10
2.656E-08 5.941E-08 2.596E-07 4.569E-07 2.533E-08 4.033E-08 7.224E-08 1.248E-07 4.306E-07 
4.190E-07 2.634E-06 3.441E-06 4.303E-06 1.742E-06 3.185E-06 4.825E-06 1.769E-05 2.083E-04 
6.351E-05 1.010E-04 2.028E-04 5.423E-04 2.175E-04 1.391E-03 2.158E-03 4.576E-03 9.629E-03 
1.409E-03 2.172E-03 1.547E-02 2.016E-02 2.338E-02 3.117E-02 6.565E-02 1.145E-01 2.079E-01 
Na  11
6.606E-10 1.480E-09 6.114E-09 1.087E-08 5.906E-10 9.403E-10 1.684E-09 2.910E-09 1.004E-08 
1.093E-08 6.340E-08 8.590E-08 1.003E-07 4.063E-08 7.427E-08 1.125E-07 4.125E-07 1.321E-05 
1.869E-06 3.054E-06 6.549E-06 2.059E-05 5.071E-06 6.718E-05 1.790E-04 6.578E-04 1.429E-03 
4.999E-05 7.906E-05 6.349E-04 1.133E-03 1.434E-03 2.330E-03 5.101E-03 7.527E-03 1.364E-02 
Mg  12
2.671E-08 5.975E-08 2.608E-07 4.594E-07 2.544E-08 4.050E-08 7.256E-08 1.254E-07 4.325E-07 
4.217E-07 2.647E-06 3.460E-06 4.322E-06 1.750E-06 3.199E-06 4.847E-06 1.777E-05 2.140E-04 
6.415E-05 1.021E-04 2.053E-04 5.513E-04 2.185E-04 1.418E-03 2.230E-03 4.835E-03 8.163E-03 
8.050E-04 1.242E-03 8.879E-03 1.168E-02 1.360E-02 1.827E-02 3.023E-02 4.012E-02 6.422E-02 
Al  13
1.187E-09 2.658E-09 1.154E-08 2.034E-08 1.124E-09 1.790E-09 3.207E-09 5.541E-09 1.911E-08 
1.880E-08 1.174E-07 1.543E-07 1.910E-07 7.735E-08 1.414E-07 2.142E-07 7.854E-07 1.501E-05 
2.845E-06 4.542E-06 9.231E-06 2.540E-05 9.655E-06 7.545E-05 1.599E-04 5.071E-04 1.222E-03 
6.341E-05 9.793E-05 7.047E-04 9.850E-04 1.161E-03 1.655E-03 3.040E-03 4.330E-03 7.587E-03 
Si  14
3.628E-08 8.116E-08 3.541E-07 6.238E-07 3.455E-08 5.500E-08 9.853E-08 1.702E-07 5.872E-07 
5.729E-07 3.595E-06 4.701E-06 5.869E-06 2.377E-06 4.344E-06 6.581E-06 2.413E-05 2.964E-04 
8.711E-05 1.387E-04 2.789E-04 7.496E-04 2.966E-04 1.940E-03 3.100E-03 6.911E-03 1.195E-02 
7.562E-04 1.166E-03 8.343E-03 1.102E-02 1.284E-02 1.732E-02 2.883E-02 3.838E-02 6.173E-02 
P   15
1.237E-10 2.766E-10 1.207E-09 2.126E-09 1.178E-10 1.875E-10 3.358E-10 5.802E-10 2.001E-09 
1.953E-09 1.225E-08 1.602E-08 2.000E-08 8.100E-09 1.481E-08 2.243E-08 8.224E-08 1.009E-06 
2.969E-07 4.727E-07 9.505E-07 2.555E-06 1.011E-06 6.612E-06 1.056E-05 2.355E-05 4.163E-05 
6.624E-06 1.022E-05 7.309E-05 9.654E-05 1.124E-04 1.517E-04 2.532E-04 3.397E-04 5.483E-04 
S   16
1.470E-08 3.288E-08 1.435E-07 2.527E-07 1.400E-08 2.228E-08 3.992E-08 6.897E-08 2.379E-07 
2.321E-07 1.456E-06 1.904E-06 2.378E-06 9.628E-07 1.760E-06 2.666E-06 9.776E-06 1.199E-04 
3.529E-05 5.619E-05 1.130E-04 3.037E-04 1.202E-04 7.859E-04 1.256E-03 2.799E-03 4.834E-03 
3.517E-04 5.425E-04 3.881E-03 5.126E-03 5.970E-03 8.054E-03 1.341E-02 1.784E-02 2.870E-02 
Cl  17
1.741E-10 3.895E-10 1.699E-09 2.994E-09 1.658E-10 2.640E-10 4.729E-10 8.171E-10 2.818E-09 
2.749E-09 1.725E-08 2.256E-08 2.817E-08 1.141E-08 2.085E-08 3.159E-08 1.158E-07 1.420E-06 
4.181E-07 6.657E-07 1.339E-06 3.597E-06 1.424E-06 9.311E-06 1.487E-05 3.316E-05 6.018E-05 
9.329E-06 1.439E-05 1.029E-04 1.360E-04 1.584E-04 2.136E-04 3.583E-04 4.883E-04 7.939E-04 
Ar  18
3.168E-09 7.087E-09 3.092E-08 5.447E-08 3.017E-09 4.803E-09 8.605E-09 1.487E-08 5.128E-08 
5.003E-08 3.139E-07 4.105E-07 5.125E-07 2.075E-07 3.794E-07 5.748E-07 2.107E-06 2.584E-05 
7.607E-06 1.211E-05 2.436E-05 6.546E-05 2.591E-05 1.694E-04 2.707E-04 6.034E-04 1.039E-03 
7.582E-05 1.170E-04 8.365E-04 1.105E-03 1.287E-03 1.736E-03 2.887E-03 3.830E-03 6.151E-03 
K   19
6.507E-11 1.456E-10 6.351E-10 1.119E-09 6.197E-11 9.865E-11 1.767E-10 3.054E-10 1.053E-09 
1.028E-09 6.447E-09 8.431E-09 1.053E-08 4.263E-09 7.792E-09 1.180E-08 4.328E-08 5.306E-07 
1.562E-07 2.487E-07 5.002E-07 1.344E-06 5.321E-07 3.480E-06 5.559E-06 1.239E-05 2.264E-05 
3.486E-06 5.378E-06 3.846E-05 5.081E-05 5.918E-05 7.983E-05 1.352E-04 1.888E-04 3.105E-04 
Ca  20
3.049E-09 6.820E-09 2.976E-08 5.242E-08 2.903E-09 4.622E-09 8.280E-09 1.431E-08 4.935E-08 
4.814E-08 3.021E-07 3.950E-07 4.932E-07 1.997E-07 3.651E-07 5.531E-07 2.028E-06 2.486E-05 
7.320E-06 1.166E-05 2.344E-05 6.299E-05 2.493E-05 1.630E-04 2.605E-04 5.806E-04 1.002E-03 
7.296E-05 1.125E-04 8.050E-04 1.063E-03 1.238E-03 1.671E-03 2.779E-03 3.690E-03 5.929E-03 
Sc  21
9.863E-13 2.206E-12 9.627E-12 1.696E-11 9.393E-13 1.495E-12 2.679E-12 4.629E-12 1.597E-11 
1.557E-11 9.773E-11 1.278E-10 1.596E-10 6.461E-11 1.181E-10 1.789E-10 6.561E-10 8.043E-09 
2.368E-09 3.771E-09 7.582E-09 2.038E-08 8.065E-09 5.274E-08 8.426E-08 1.878E-07 3.695E-07 
5.284E-08 8.151E-08 5.830E-07 7.701E-07 8.970E-07 1.210E-06 2.057E-06 2.877E-06 4.744E-06 
Ti  22
1.322E-10 2.958E-10 1.291E-09 2.273E-09 1.259E-10 2.005E-10 3.591E-10 6.205E-10 2.140E-09 
2.088E-09 1.310E-08 1.713E-08 2.139E-08 8.662E-09 1.583E-08 2.399E-08 8.795E-08 1.078E-06 
3.175E-07 5.055E-07 1.016E-06 2.732E-06 1.081E-06 7.070E-06 1.130E-05 2.518E-05 4.360E-05 
3.550E-06 5.477E-06 3.917E-05 5.174E-05 6.027E-05 8.130E-05 1.354E-04 1.804E-04 2.903E-04 
V   23
6.735E-12 1.507E-11 6.574E-11 1.158E-10 6.414E-12 1.021E-11 1.829E-11 3.161E-11 1.090E-10 
1.064E-10 6.674E-10 8.727E-10 1.090E-09 4.412E-10 8.065E-10 1.222E-09 4.480E-09 5.492E-08 
1.617E-08 2.575E-08 5.178E-08 1.392E-07 5.507E-08 3.602E-07 5.754E-07 1.283E-06 2.212E-06 
3.609E-07 5.566E-07 3.981E-06 5.259E-06 6.125E-06 8.263E-06 1.386E-05 1.862E-05 3.010E-05 
Cr  24
3.526E-10 7.887E-10 3.441E-09 6.062E-09 3.358E-10 5.346E-10 9.576E-10 1.655E-09 5.708E-09 
5.568E-09 3.494E-08 4.569E-08 5.704E-08 2.310E-08 4.222E-08 6.397E-08 2.345E-07 2.875E-06 
8.466E-07 1.348E-06 2.711E-06 7.285E-06 2.883E-06 1.885E-05 3.012E-05 6.715E-05 1.159E-04 
1.889E-05 2.914E-05 2.084E-04 2.753E-04 3.206E-04 4.326E-04 7.199E-04 9.578E-04 1.540E-03 
Mn  25
2.297E-10 5.138E-10 2.242E-09 3.949E-09 2.187E-10 3.483E-10 6.239E-10 1.078E-09 3.718E-09 
3.627E-09 2.276E-08 2.976E-08 3.716E-08 1.505E-08 2.751E-08 4.167E-08 1.528E-07 1.873E-06 
5.516E-07 8.782E-07 1.766E-06 4.746E-06 1.878E-06 1.228E-05 1.962E-05 4.374E-05 7.573E-05 
1.231E-05 1.898E-05 1.358E-04 1.793E-04 2.089E-04 2.818E-04 4.800E-04 6.661E-04 1.092E-03 
Fe  26
2.743E-08 6.137E-08 2.678E-07 4.717E-07 2.613E-08 4.159E-08 7.451E-08 1.287E-07 4.441E-07 
4.332E-07 2.718E-06 3.555E-06 4.438E-06 1.797E-06 3.285E-06 4.977E-06 1.825E-05 2.237E-04 
6.587E-05 1.049E-04 2.109E-04 5.668E-04 2.243E-04 1.467E-03 2.344E-03 5.225E-03 9.016E-03 
1.470E-03 2.267E-03 1.622E-02 2.142E-02 2.495E-02 3.366E-02 5.602E-02 7.452E-02 1.198E-01 
Co  27
8.947E-11 2.001E-10 8.732E-10 1.538E-09 8.520E-11 1.356E-10 2.430E-10 4.198E-10 1.448E-09 
1.413E-09 8.865E-09 1.159E-08 1.447E-08 5.861E-09 1.071E-08 1.623E-08 5.951E-08 7.295E-07 
2.148E-07 3.420E-07 6.878E-07 1.848E-06 7.316E-07 4.784E-06 7.643E-06 1.704E-05 3.283E-05 
4.793E-06 7.394E-06 5.288E-05 6.985E-05 8.136E-05 1.098E-04 1.890E-04 2.707E-04 4.518E-04 
Ni  28
1.513E-09 3.385E-09 1.477E-08 2.602E-08 1.441E-09 2.294E-09 4.110E-09 7.101E-09 2.449E-08 
2.389E-08 1.499E-07 1.961E-07 2.448E-07 9.913E-08 1.812E-07 2.745E-07 1.007E-06 1.234E-05 
3.633E-06 5.785E-06 1.163E-05 3.126E-05 1.237E-05 8.091E-05 1.293E-04 2.882E-04 5.007E-04 
8.107E-05 1.251E-04 8.944E-04 1.181E-03 1.376E-03 1.856E-03 3.084E-03 4.090E-03 6.564E-03 
Cu  29
1.529E-11 3.420E-11 1.492E-10 2.629E-10 1.456E-11 2.318E-11 4.152E-11 7.175E-11 2.475E-10 
2.414E-10 1.515E-09 1.981E-09 2.473E-09 1.002E-09 1.831E-09 2.774E-09 1.017E-08 1.247E-07 
3.671E-08 5.845E-08 1.175E-07 3.159E-07 1.250E-07 8.175E-07 1.306E-06 2.912E-06 6.076E-06 
8.192E-07 1.264E-06 9.037E-06 1.194E-05 1.390E-05 1.876E-05 3.191E-05 4.548E-05 7.531E-05 
Zn  30
3.688E-11 8.251E-11 3.600E-10 6.341E-10 3.512E-11 5.592E-11 1.002E-10 1.731E-10 5.970E-10 
5.824E-10 3.655E-09 4.779E-09 5.967E-09 2.416E-09 4.417E-09 6.692E-09 2.453E-08 3.008E-07 
8.856E-08 1.410E-07 2.835E-07 7.621E-07 3.016E-07 1.972E-06 3.151E-06 7.024E-06 1.264E-05 
1.976E-06 3.048E-06 2.180E-05 2.880E-05 3.354E-05 4.525E-05 7.522E-05 1.002E-04 1.610E-04 
Ga  31
1.188E-12 2.657E-12 1.159E-11 2.042E-11 1.131E-12 1.800E-12 3.225E-12 5.573E-12 1.922E-11 
1.875E-11 1.177E-10 1.539E-10 1.921E-10 7.779E-11 1.422E-10 2.154E-10 7.899E-10 9.684E-09 
2.851E-09 4.540E-09 9.129E-09 2.454E-08 9.710E-09 6.350E-08 1.015E-07 2.262E-07 4.086E-07 
6.363E-08 9.814E-08 7.020E-07 9.272E-07 1.080E-06 1.457E-06 2.450E-06 3.349E-06 5.454E-06 
Ge  32
5.038E-12 1.127E-11 4.918E-11 8.662E-11 4.798E-12 7.638E-12 1.368E-11 2.364E-11 8.155E-11 
7.956E-11 4.992E-10 6.528E-10 8.150E-10 3.301E-10 6.033E-10 9.141E-10 3.351E-09 4.108E-08 
1.210E-08 1.926E-08 3.873E-08 1.041E-07 4.120E-08 2.694E-07 4.304E-07 9.595E-07 1.688E-06 
2.699E-07 4.164E-07 2.978E-06 3.934E-06 4.582E-06 6.181E-06 1.030E-05 1.376E-05 2.217E-05 
As  33
2.322E-13 5.194E-13 2.267E-12 3.992E-12 2.211E-13 3.520E-13 6.307E-13 1.090E-12 3.759E-12 
3.667E-12 2.301E-11 3.009E-11 3.756E-11 1.521E-11 2.781E-11 4.212E-11 1.545E-10 1.894E-09 
5.576E-10 8.877E-10 1.785E-09 4.797E-09 1.899E-09 1.242E-08 1.984E-08 4.422E-08 7.706E-08 
1.244E-08 1.919E-08 1.372E-07 1.813E-07 2.112E-07 2.849E-07 4.726E-07 6.273E-07 1.007E-06 
Se  34
2.683E-12 6.002E-12 2.619E-11 4.613E-11 2.555E-12 4.068E-12 7.288E-12 1.259E-11 4.343E-11 
4.237E-11 2.659E-10 3.477E-10 4.341E-10 1.758E-10 3.213E-10 4.868E-10 1.785E-09 2.188E-08 
6.443E-09 1.026E-08 2.063E-08 5.544E-08 2.194E-08 1.435E-07 2.292E-07 5.110E-07 8.861E-07 
1.438E-07 2.217E-07 1.586E-06 2.095E-06 2.440E-06 3.292E-06 5.479E-06 7.294E-06 1.174E-05 
Br  35
4.303E-13 9.627E-13 4.201E-12 7.399E-12 4.098E-13 6.525E-13 1.169E-12 2.020E-12 6.966E-12 
6.796E-12 4.264E-11 5.576E-11 6.962E-11 2.819E-11 5.153E-11 7.807E-11 2.863E-10 3.509E-09 
1.033E-09 1.645E-09 3.308E-09 8.891E-09 3.519E-09 2.301E-08 3.676E-08 8.196E-08 1.415E-07 
2.306E-08 3.557E-08 2.544E-07 3.360E-07 3.914E-07 5.279E-07 8.744E-07 1.157E-06 1.854E-06 
Kr  36
2.315E-12 5.178E-12 2.259E-11 3.979E-11 2.204E-12 3.509E-12 6.286E-12 1.086E-11 3.747E-11 
3.655E-11 2.293E-10 2.999E-10 3.744E-10 1.516E-10 2.772E-10 4.199E-10 1.540E-09 1.887E-08 
5.558E-09 8.848E-09 1.779E-08 4.782E-08 1.893E-08 1.238E-07 1.977E-07 4.408E-07 7.680E-07 
1.240E-07 1.913E-07 1.368E-06 1.807E-06 2.105E-06 2.840E-06 4.740E-06 6.352E-06 1.024E-05 
Rb  37
4.397E-13 9.837E-13 4.292E-12 7.560E-12 4.188E-13 6.667E-13 1.194E-12 2.064E-12 7.118E-12 
6.944E-12 4.357E-11 5.698E-11 7.114E-11 2.881E-11 5.266E-11 7.977E-11 2.925E-10 3.586E-09 
1.056E-09 1.681E-09 3.380E-09 9.085E-09 3.596E-09 2.351E-08 3.757E-08 8.374E-08 1.448E-07 
2.356E-08 3.634E-08 2.599E-07 3.433E-07 3.999E-07 5.395E-07 8.962E-07 1.185E-06 1.900E-06 
Sr  38
1.009E-12 2.257E-12 9.848E-12 1.735E-11 9.608E-13 1.530E-12 2.740E-12 4.735E-12 1.633E-11 
1.593E-11 9.997E-11 1.307E-10 1.632E-10 6.609E-11 1.208E-10 1.830E-10 6.711E-10 8.228E-09 
2.423E-09 3.857E-09 7.756E-09 2.085E-08 8.250E-09 5.395E-08 8.619E-08 1.921E-07 3.435E-07 
5.406E-08 8.338E-08 5.964E-07 7.878E-07 9.175E-07 1.238E-06 2.080E-06 2.848E-06 4.641E-06 
Y   39
2.240E-13 5.010E-13 2.186E-12 3.851E-12 2.133E-13 3.396E-13 6.083E-13 1.051E-12 3.625E-12 
3.537E-12 2.219E-11 2.902E-11 3.623E-11 1.467E-11 2.682E-11 4.063E-11 1.490E-10 1.827E-09 
5.378E-10 8.562E-10 1.722E-09 4.628E-09 1.831E-09 1.198E-08 1.913E-08 4.266E-08 7.466E-08 
1.200E-08 1.851E-08 1.324E-07 1.749E-07 2.037E-07 2.748E-07 4.576E-07 6.104E-07 9.829E-07 
Zr  40
5.380E-13 1.204E-12 5.254E-12 9.178E-12 5.130E-13 8.167E-13 1.463E-12 2.528E-12 8.720E-12 
8.471E-12 5.294E-11 6.925E-11 8.646E-11 3.529E-11 6.451E-11 9.774E-11 3.538E-10 4.273E-09 
1.258E-09 2.004E-09 4.035E-09 1.082E-08 4.298E-09 2.799E-08 4.471E-08 9.963E-08 1.728E-07 
2.809E-08 4.330E-08 3.092E-07 4.084E-07 4.757E-07 6.418E-07 1.068E-06 1.422E-06 2.288E-06 
Nb  41
4.162E-14 9.310E-14 4.062E-13 7.156E-13 3.963E-14 6.310E-14 1.130E-13 1.953E-13 6.737E-13 
6.572E-13 4.124E-12 5.393E-12 6.733E-12 2.726E-12 4.984E-12 7.551E-12 2.768E-11 3.394E-10 
9.994E-11 1.591E-10 3.199E-10 8.599E-10 3.403E-10 2.225E-09 3.555E-09 7.926E-09 1.368E-08 
2.230E-09 3.439E-09 2.460E-08 3.250E-08 3.785E-08 5.106E-08 8.399E-08 1.105E-07 1.763E-07 
Mo  42
1.022E-13 2.281E-13 9.951E-13 1.830E-12 9.666E-14 1.539E-13 2.757E-13 4.763E-13 1.643E-12 
1.639E-12 1.050E-11 1.370E-11 1.710E-11 6.649E-12 1.215E-11 1.841E-11 7.205E-11 9.480E-10 
2.794E-10 4.437E-10 8.871E-10 2.406E-09 9.371E-10 6.245E-09 9.981E-09 2.229E-08 3.848E-08 
6.212E-09 9.605E-09 6.922E-08 9.144E-08 1.065E-07 1.437E-07 2.409E-07 3.230E-07 5.220E-07 
Xe  54
1.298E-13 2.902E-13 1.266E-12 2.231E-12 1.236E-13 1.967E-13 3.524E-13 6.089E-13 2.100E-12 
2.049E-12 1.286E-11 1.681E-11 2.099E-11 8.500E-12 1.554E-11 2.354E-11 8.631E-11 1.058E-09 
3.116E-10 4.960E-10 9.975E-10 2.681E-09 1.061E-09 6.938E-09 1.108E-08 2.471E-08 4.256E-08 
6.952E-09 1.072E-08 7.669E-08 1.013E-07 1.180E-07 1.592E-07 2.643E-07 3.501E-07 5.616E-07 
Cs  55
2.481E-14 5.550E-14 2.422E-13 4.266E-13 2.363E-14 3.762E-14 6.739E-14 1.164E-13 4.016E-13 
3.918E-13 2.458E-12 3.215E-12 4.014E-12 1.625E-12 2.971E-12 4.501E-12 1.650E-11 2.023E-10 
5.957E-11 9.485E-11 1.907E-10 5.126E-10 2.029E-10 1.327E-09 2.120E-09 4.725E-09 8.106E-09 
1.329E-09 2.051E-09 1.467E-08 1.937E-08 2.256E-08 3.044E-08 4.992E-08 6.517E-08 1.037E-07 
Ba  56
3.221E-13 7.205E-13 3.144E-12 5.538E-12 3.067E-13 4.883E-13 8.748E-13 1.511E-12 5.214E-12 
5.087E-12 3.192E-11 4.174E-11 5.211E-11 2.110E-11 3.857E-11 5.844E-11 2.143E-10 2.627E-09 
7.734E-10 1.231E-09 2.476E-09 6.655E-09 2.634E-09 1.722E-08 2.752E-08 6.134E-08 1.069E-07 
1.726E-08 2.662E-08 1.904E-07 2.515E-07 2.929E-07 3.952E-07 6.602E-07 8.866E-07 1.432E-06 
La  57
2.715E-14 6.074E-14 2.650E-13 4.669E-13 2.586E-14 4.117E-14 7.375E-14 1.274E-13 4.395E-13 
4.288E-13 2.690E-12 3.518E-12 4.392E-12 1.779E-12 3.252E-12 4.926E-12 1.806E-11 2.214E-10 
6.520E-11 1.038E-10 2.087E-10 5.610E-10 2.220E-10 1.452E-09 2.320E-09 5.171E-09 8.974E-09 
1.455E-09 2.244E-09 1.605E-08 2.120E-08 2.469E-08 3.331E-08 5.547E-08 7.393E-08 1.190E-07 
Ce  58
7.305E-14 1.634E-13 7.130E-13 1.256E-12 6.957E-14 1.107E-13 1.984E-13 3.428E-13 1.183E-12 
1.154E-12 7.238E-12 9.465E-12 1.182E-11 4.786E-12 8.748E-12 1.325E-11 4.859E-11 5.957E-10 
1.754E-10 2.793E-10 5.616E-10 1.509E-09 5.973E-10 3.906E-09 6.241E-09 1.391E-08 2.407E-08 
3.914E-09 6.037E-09 4.318E-08 5.704E-08 6.643E-08 8.962E-08 1.492E-07 1.988E-07 3.198E-07 
Pr  59
1.148E-14 2.568E-14 1.121E-13 1.974E-13 1.093E-14 1.741E-14 3.119E-14 5.388E-14 1.859E-13 
1.813E-13 1.138E-12 1.488E-12 1.857E-12 7.522E-13 1.375E-12 2.083E-12 7.638E-12 9.363E-11 
2.757E-11 4.390E-11 8.827E-11 2.372E-10 9.389E-11 6.140E-10 9.809E-10 2.187E-09 3.765E-09 
6.152E-10 9.489E-10 6.787E-09 8.965E-09 1.044E-08 1.409E-08 2.331E-08 3.064E-08 4.897E-08 
Nd  60
3.664E-14 8.196E-14 3.576E-13 6.299E-13 3.489E-14 5.554E-14 9.951E-14 1.719E-13 5.930E-13 
5.785E-13 3.630E-12 4.747E-12 5.927E-12 2.400E-12 4.387E-12 6.647E-12 2.437E-11 2.988E-10 
8.797E-11 1.401E-10 2.816E-10 7.569E-10 2.996E-10 1.959E-09 3.130E-09 6.977E-09 1.206E-08 
1.963E-09 3.028E-09 2.166E-08 2.861E-08 3.332E-08 4.495E-08 7.486E-08 9.964E-08 1.603E-07 
Hg  80
1.706E-14 3.816E-14 1.665E-13 2.933E-13 1.625E-14 2.586E-14 4.634E-14 8.006E-14 2.762E-13 
2.694E-13 1.690E-12 2.210E-12 2.760E-12 1.118E-12 2.043E-12 3.095E-12 1.135E-11 1.391E-10 
4.096E-11 6.522E-11 1.311E-10 3.525E-10 1.395E-10 9.123E-10 1.457E-09 3.249E-09 5.620E-09 
9.140E-10 1.410E-09 1.008E-08 1.332E-08 1.551E-08 2.093E-08 3.501E-08 4.709E-08 7.613E-08 
Tl  81
2.520E-14 5.636E-14 2.459E-13 4.332E-13 2.399E-14 3.820E-14 6.843E-14 1.182E-13 4.078E-13 
3.978E-13 2.496E-12 3.264E-12 4.076E-12 1.651E-12 3.017E-12 4.571E-12 1.676E-11 2.054E-10 
6.050E-11 9.632E-11 1.937E-10 5.206E-10 2.060E-10 1.347E-09 2.152E-09 4.798E-09 8.298E-09 
1.350E-09 2.082E-09 1.489E-08 1.967E-08 2.291E-08 3.091E-08 5.134E-08 6.820E-08 1.095E-07 
Pb  82
1.809E-13 4.047E-13 1.766E-12 3.111E-12 1.723E-13 2.743E-13 4.914E-13 8.490E-13 2.929E-12 
2.857E-12 1.793E-11 2.344E-11 2.927E-11 1.185E-11 2.166E-11 3.282E-11 1.203E-10 1.475E-09 
4.344E-10 6.916E-10 1.391E-09 3.738E-09 1.479E-09 9.674E-09 1.546E-08 3.446E-08 5.971E-08 
9.694E-09 1.495E-08 1.069E-07 1.413E-07 1.645E-07 2.220E-07 3.699E-07 4.939E-07 7.955E-07 
Bi  83
1.449E-14 3.241E-14 1.414E-13 2.491E-13 1.379E-14 2.196E-14 3.935E-14 6.798E-14 2.345E-13 
2.288E-13 1.435E-12 1.877E-12 2.343E-12 9.490E-13 1.735E-12 2.628E-12 9.636E-12 1.181E-10 
3.478E-11 5.538E-11 1.114E-10 2.993E-10 1.184E-10 7.746E-10 1.237E-09 2.759E-09 4.760E-09 
7.761E-10 1.197E-09 8.563E-09 1.131E-08 1.317E-08 1.777E-08 2.957E-08 3.931E-08 6.319E-08 
