 80  5  4
 1.00E-04 1.00E-03 6.00E-03 1.00E-02 2.00E-02
 1.20E+01 1.50E+01 2.00E+01 2.50E+01
H    1
 5.457E+00 6.525E+00 7.963E+00 9.246E+00
 5.441E+00 6.460E+00 7.816E+00 9.005E+00
 4.690E+00 5.901E+00 7.050E+00 6.263E+00
 4.954E+00 5.421E+00 6.057E+00 5.760E+00
 5.071E+00 4.610E+00 5.049E+00 1.841E+00
He   2
 3.999E+00 4.862E+00 6.504E+00 8.227E+00
 3.971E+00 4.840E+00 6.289E+00 8.001E+00
 3.691E+00 4.686E+00 6.000E+00 6.751E+00
 3.725E+00 4.497E+00 5.599E+00 6.477E+00
 3.839E+00 4.194E+00 5.194E+00 3.784E+00
Li   3
 7.821E-14 1.103E-13 9.700E-08 1.165E-06
 4.250E-13 5.151E-13 6.814E-11 7.549E-11
 4.872E-12 3.648E-12 1.869E-12 5.238E-11
 2.327E-11 1.171E-11 1.670E-12 5.948E-11
 3.920E-11 2.817E-11 1.300E-12 8.950E-12
B    5
 2.422E-11 2.958E-11 3.004E-07 3.715E-08
 2.474E-10 3.025E-10 1.950E-09 4.337E-10
 1.277E-09 1.660E-09 1.964E-09 1.932E-09
 1.142E-08 1.286E-08 1.514E-08 1.475E-08
 2.448E-08 2.343E-08 2.546E-08 1.072E-08
C    6
 1.226E-01 1.646E-01 1.956E-01 2.037E-01
 1.200E-01 1.537E-01 2.222E-01 2.115E-01
 1.015E-01 1.655E-01 1.473E-01 2.206E-01
 8.914E-02 1.575E-01 2.294E-01 2.238E-01
 7.646E-02 1.472E-01 1.923E-01 2.035E-01
N    7
 2.160E-04 3.047E-04 2.320E-02 2.813E-02
 2.047E-03 2.664E-03 3.984E-03 5.828E-03
 1.172E-02 1.417E-02 2.151E-02 2.986E-02
 1.993E-02 2.453E-02 3.150E-02 4.422E-02
 4.055E-02 4.235E-02 5.627E-02 3.436E-02
O    8
 2.828E-01 1.176E+00 2.043E+00 7.062E-01
 3.459E-01 1.148E+00 1.871E+00 7.875E-01
 1.879E-01 8.612E-01 1.442E+00 8.904E-01
 1.194E-01 8.829E-01 1.314E+00 8.494E-01
 1.205E-01 8.970E-01 1.504E+00 8.446E-01
F    9
 2.750E-08 4.499E-08 9.316E-08 2.585E-06
 5.636E-07 4.020E-07 2.788E-07 4.419E-07
 3.120E-06 2.638E-06 8.785E-06 2.351E-06
 5.191E-06 7.068E-06 1.070E-05 2.403E-06
 9.081E-06 1.734E-05 1.128E-05 8.497E-06
Ne  10
 6.669E-03 1.469E-01 1.607E-01 1.227E-01
 7.911E-03 2.093E-01 1.726E-01 1.436E-01
 9.953E-03 1.574E-01 2.020E-02 2.267E-01
 1.461E-02 1.678E-01 3.201E-01 1.823E-01
 2.498E-02 8.254E-02 2.767E-01 2.016E-01
Na  11
 1.811E-05 5.359E-04 6.145E-04 1.018E-03
 6.111E-05 6.703E-04 5.237E-04 1.888E-03
 1.450E-04 1.697E-03 3.649E-04 5.474E-03
 4.808E-04 3.202E-03 5.811E-03 5.153E-03
 8.559E-04 2.435E-03 5.696E-03 3.305E-03
Mg  12
 1.638E-02 7.562E-02 1.160E-01 2.178E-02
 2.463E-02 8.823E-02 1.019E-01 2.791E-02
 1.122E-02 6.267E-02 7.786E-02 4.062E-02
 1.109E-02 6.908E-02 7.642E-02 4.494E-02
 1.314E-02 3.892E-02 1.366E-01 9.823E-02
Al  13
 6.219E-05 1.157E-03 1.505E-03 1.315E-04
 2.466E-04 9.427E-04 1.540E-03 3.695E-04
 2.530E-04 1.299E-03 1.517E-03 1.826E-03
 4.564E-04 4.246E-03 3.031E-03 2.227E-03
 7.659E-04 2.780E-03 5.394E-03 3.650E-03
Si  14
 9.289E-02 1.078E-01 1.138E-01 2.063E-02
 9.255E-02 9.346E-02 2.482E-01 3.416E-02
 8.842E-02 1.468E-01 3.725E-01 2.865E-02
 8.212E-02 2.248E-01 8.855E-02 3.778E-02
 5.401E-02 1.902E-01 1.487E-01 5.818E-02
P   15
 1.143E-04 6.684E-04 8.482E-04 4.724E-05
 3.360E-04 2.448E-04 9.013E-04 3.652E-04
 6.589E-04 1.167E-03 3.061E-03 1.209E-03
 5.823E-04 1.507E-02 3.813E-03 1.846E-03
 6.343E-04 1.199E-02 4.758E-03 2.624E-03
S   16
 5.446E-02 4.459E-02 2.999E-02 2.046E-03
 4.953E-02 4.050E-02 1.203E-01 1.806E-02
 6.246E-02 7.060E-02 2.049E-01 1.246E-02
 6.313E-02 1.511E-01 6.317E-02 2.604E-02
 3.863E-02 2.006E-01 6.403E-02 1.652E-02
Cl  17
 7.604E-05 1.194E-04 1.333E-04 4.582E-06
 1.115E-04 4.512E-05 1.719E-04 3.239E-04
 7.644E-04 4.506E-04 2.542E-03 5.642E-04
 9.802E-04 8.601E-03 1.939E-03 2.133E-03
 1.006E-03 8.876E-03 2.674E-03 8.145E-04
Ar  18
 1.083E-02 7.684E-03 3.495E-03 1.121E-05
 8.969E-03 7.182E-03 2.071E-02 1.235E-03
 1.168E-02 1.175E-02 4.088E-02 6.346E-04
 1.307E-02 1.413E-02 7.917E-03 5.936E-03
 8.660E-03 3.885E-02 7.012E-03 1.087E-03
K   19
 7.048E-05 4.930E-05 7.088E-05 1.775E-07
 6.636E-05 2.762E-05 1.297E-04 5.573E-05
 2.483E-04 1.395E-04 3.011E-03 4.406E-05
 4.755E-04 6.385E-04 3.750E-04 1.219E-03
 4.577E-04 2.130E-03 5.595E-04 1.092E-04
Ca  20
 8.686E-03 5.152E-03 1.363E-03 2.154E-06
 6.655E-03 5.118E-03 1.390E-02 3.186E-05
 8.256E-03 7.418E-03 2.550E-02 9.611E-05
 8.661E-03 1.717E-03 5.985E-04 7.348E-04
 5.745E-03 2.537E-03 1.102E-03 4.162E-04
Sc  21
 1.693E-07 1.283E-06 6.829E-08 6.156E-09
 1.504E-07 1.303E-06 2.318E-07 1.256E-07
 1.526E-06 8.069E-07 4.250E-05 6.939E-07
 2.212E-06 4.499E-06 4.216E-06 5.974E-06
 2.896E-06 3.442E-05 7.410E-06 6.307E-06
Ti  22
 6.883E-04 3.458E-04 4.859E-06 1.210E-07
 4.601E-04 3.095E-04 6.756E-04 1.328E-06
 5.606E-04 5.953E-04 1.237E-03 7.133E-06
 5.685E-04 1.093E-04 5.159E-04 3.443E-05
 4.659E-04 1.841E-04 7.175E-05 3.455E-05
V   23
 1.491E-05 3.474E-05 2.263E-07 9.549E-09
 1.848E-05 1.967E-05 4.719E-05 1.117E-07
 3.730E-05 5.446E-05 1.350E-04 6.259E-07
 3.131E-05 3.384E-05 3.450E-04 3.637E-06
 2.819E-05 3.318E-05 8.621E-06 4.343E-06
Cr  24
 3.367E-03 3.161E-03 6.569E-06 3.533E-07
 3.016E-03 2.964E-03 5.885E-03 3.343E-06
 2.917E-03 4.673E-03 1.108E-02 1.537E-05
 2.960E-03 1.644E-03 2.575E-01 1.204E-04
 2.071E-03 1.244E-03 2.355E-04 1.135E-04
Mn  25
 3.995E-04 3.907E-04 2.297E-06 2.131E-07
 4.077E-04 2.520E-04 5.747E-04 1.874E-06
 6.113E-04 1.560E-03 1.791E-03 8.484E-06
 8.109E-04 1.339E-03 2.645E-03 6.644E-05
 7.402E-04 1.061E-03 1.244E-04 6.640E-05
Fe  26
 2.443E-01 5.073E-02 7.646E-05 2.518E-05
 1.692E-01 5.407E-02 4.089E-02 2.326E-04
 1.863E-01 1.739E-01 3.275E-01 1.036E-03
 2.032E-01 7.515E-02 2.745E-01 8.288E-03
 1.531E-01 5.561E-02 1.493E-02 7.470E-03
Co  27
 2.734E-03 2.576E-03 6.277E-07 2.764E-07
 1.280E-03 3.237E-03 4.207E-06 3.427E-06
 2.388E-03 1.433E-03 5.128E-04 1.321E-05
 2.005E-03 4.841E-04 1.076E-03 1.495E-04
 1.656E-03 3.919E-04 4.420E-04 3.776E-04
Ni  28
 3.232E-02 1.687E-01 7.671E-06 2.796E-06
 5.119E-02 1.292E-01 1.758E-04 3.570E-05
 2.104E-02 1.606E-01 1.824E-02 1.811E-04
 2.866E-02 3.137E-02 3.158E-03 1.724E-03
 2.842E-02 1.268E-02 3.384E-03 2.459E-03
Cu  29
 1.199E-04 7.327E-04 1.592E-07 2.223E-07
 4.405E-05 7.069E-04 3.850E-06 4.762E-06
 1.056E-04 9.788E-04 2.994E-05 4.097E-05
 7.237E-05 1.216E-04 1.315E-04 2.476E-04
 8.484E-05 1.226E-04 4.637E-04 4.698E-04
Zn  30
 1.018E-04 9.842E-03 2.155E-07 1.619E-07
 1.078E-04 1.591E-02 6.550E-06 4.273E-06
 1.253E-04 9.993E-03 7.617E-05 4.343E-05
 1.130E-04 6.543E-04 1.397E-04 2.152E-04
 1.205E-04 1.499E-04 4.716E-04 3.699E-04
Ga  31
 2.971E-07 2.365E-06 1.431E-08 1.195E-08
 5.744E-07 3.354E-06 7.347E-07 6.147E-07
 1.341E-06 2.893E-05 8.991E-06 8.740E-06
 5.174E-06 7.326E-06 1.343E-05 3.399E-05
 6.565E-06 1.048E-05 5.770E-05 4.978E-05
Ge  32
 4.353E-07 2.467E-05 3.241E-08 1.385E-08
 9.435E-07 3.171E-05 2.297E-06 1.011E-06
 2.095E-06 1.166E-03 2.446E-05 1.556E-05
 8.717E-06 1.651E-05 3.032E-05 3.289E-05
 1.089E-05 3.337E-05 1.019E-04 6.130E-05
As  33
 5.721E-10 1.887E-08 2.289E-09 1.354E-09
 4.294E-08 1.145E-07 2.343E-07 1.586E-07
 1.923E-07 6.125E-06 3.935E-06 1.561E-06
 4.950E-07 7.984E-07 2.535E-06 2.950E-06
 6.224E-07 1.700E-06 8.590E-06 7.982E-06
Se  34
 1.189E-08 2.176E-06 8.050E-09 4.471E-09
 1.506E-07 2.914E-06 9.084E-07 4.071E-07
 1.059E-06 1.880E-04 1.428E-05 8.103E-06
 2.221E-06 4.789E-06 9.579E-06 8.646E-06
 3.344E-06 1.287E-05 3.360E-05 1.494E-05
Br  35
 3.180E-10 6.892E-09 1.110E-09 9.323E-10
 1.321E-08 8.748E-08 1.320E-07 8.625E-08
 1.566E-07 2.575E-06 1.494E-06 1.275E-06
 2.658E-07 7.225E-07 1.718E-06 1.238E-06
 4.501E-07 1.227E-06 4.877E-06 3.111E-06
Kr  36
 1.496E-09 3.744E-07 5.283E-09 3.623E-09
 6.229E-08 8.438E-07 9.353E-07 4.689E-07
 5.701E-07 5.085E-05 9.079E-06 8.552E-06
 8.520E-07 3.249E-06 7.122E-06 4.722E-06
 1.634E-06 9.220E-06 2.144E-05 9.148E-06
Rb  37
 2.047E-10 1.591E-09 1.157E-09 5.840E-10
 1.227E-08 9.942E-08 2.433E-07 8.296E-08
 1.378E-07 1.991E-06 2.316E-06 1.336E-06
 1.194E-07 7.303E-07 1.394E-06 7.044E-07
 2.353E-07 1.304E-06 4.409E-06 2.377E-06
Sr  38
 7.193E-10 4.976E-08 3.416E-09 2.213E-09
 4.115E-08 5.463E-07 1.223E-06 5.908E-07
 3.380E-07 2.799E-05 1.145E-05 1.074E-05
 3.502E-07 2.134E-06 4.290E-06 2.168E-06
 6.719E-07 6.114E-06 1.084E-05 3.487E-06
Y   39
 1.473E-10 4.032E-09 4.983E-10 3.812E-10
 7.406E-09 8.589E-08 2.020E-07 1.213E-07
 6.653E-08 2.367E-05 2.574E-06 2.155E-06
 7.089E-08 2.289E-07 4.949E-07 2.935E-07
 1.295E-07 4.942E-07 1.309E-06 5.346E-07
Zr  40
 3.444E-10 1.834E-07 8.606E-10 7.439E-10
 1.164E-08 1.339E-07 3.218E-07 1.726E-07
 1.273E-07 6.207E-04 3.278E-06 3.531E-06
 1.932E-07 3.783E-07 6.195E-07 6.735E-07
 3.440E-07 8.130E-07 2.035E-06 9.273E-07
Nb  41
 2.148E-11 1.408E-09 4.652E-11 5.253E-11
 2.887E-10 5.993E-09 1.618E-08 1.911E-08
 1.653E-09 1.398E-07 1.279E-08 3.044E-07
 9.644E-09 2.218E-08 4.410E-08 4.139E-08
 1.870E-08 3.098E-08 1.149E-07 9.325E-08
Mo  42
 7.468E-11 3.429E-07 1.406E-10 1.705E-10
 9.772E-10 1.608E-07 2.829E-08 2.900E-08
 6.037E-09 2.150E-06 1.545E-07 5.526E-07
 3.605E-08 6.583E-08 8.131E-08 8.281E-08
 7.055E-08 9.352E-08 1.973E-07 1.493E-07
Ru  44
 5.421E-11 8.586E-11 9.406E-11 1.130E-10
 6.724E-10 4.418E-09 1.258E-08 9.098E-09
 4.346E-09 4.917E-08 1.036E-07 1.412E-07
 2.643E-08 3.793E-08 4.663E-08 5.365E-08
 5.298E-08 6.685E-08 1.079E-07 6.292E-08
Rh  45
 9.576E-12 1.245E-11 1.603E-11 2.390E-11
 1.192E-10 3.185E-10 1.367E-09 7.993E-10
 6.890E-10 4.623E-09 4.103E-09 1.180E-08
 5.428E-09 7.285E-09 8.410E-09 1.215E-08
 1.047E-08 1.191E-08 1.849E-08 1.390E-08
Pd  46
 4.358E-11 5.750E-11 7.617E-11 8.714E-11
 5.280E-10 3.628E-09 9.518E-09 6.715E-09
 3.548E-09 3.848E-08 7.645E-08 9.820E-08
 2.017E-08 2.870E-08 3.522E-08 3.629E-08
 4.093E-08 5.431E-08 7.795E-08 4.413E-08
Ag  47
 1.406E-11 1.795E-11 2.234E-11 2.918E-11
 1.461E-10 5.207E-10 1.603E-09 1.335E-09
 8.168E-10 6.162E-09 4.593E-09 2.370E-08
 6.546E-09 8.385E-09 1.046E-08 1.143E-08
 1.354E-08 1.517E-08 1.945E-08 1.126E-08
Cd  48
 5.465E-11 7.308E-11 9.960E-11 1.047E-10
 6.419E-10 4.341E-09 1.292E-08 8.127E-09
 4.599E-09 5.062E-08 9.839E-08 1.039E-07
 2.417E-08 3.368E-08 4.326E-08 4.054E-08
 4.978E-08 6.481E-08 9.001E-08 4.634E-08
In  49
 5.664E-12 7.160E-12 9.354E-12 1.306E-11
 5.983E-11 1.361E-10 8.394E-10 6.585E-10
 3.461E-10 1.213E-09 1.625E-09 8.294E-09
 2.627E-09 3.296E-09 4.374E-09 3.939E-09
 5.464E-09 6.300E-09 6.727E-09 3.805E-09
Sn  50
 1.323E-10 1.870E-10 2.572E-10 2.591E-10
 1.532E-09 9.468E-09 2.884E-08 2.076E-08
 9.626E-09 1.061E-07 2.055E-07 2.462E-07
 5.882E-08 8.278E-08 1.035E-07 9.512E-08
 1.217E-07 1.596E-07 2.075E-07 1.047E-07
Sb  51
 1.058E-11 1.423E-11 1.745E-11 2.182E-11
 1.071E-10 3.238E-10 1.140E-09 1.031E-09
 5.774E-10 3.442E-09 1.274E-09 1.017E-08
 4.914E-09 6.676E-09 9.084E-09 8.357E-09
 1.010E-08 1.162E-08 1.437E-08 9.950E-09
Te  52
 1.676E-10 2.164E-10 2.806E-10 3.212E-10
 1.730E-09 3.904E-09 8.635E-09 7.623E-09
 9.351E-09 3.058E-08 4.654E-08 7.284E-08
 7.826E-08 9.443E-08 1.119E-07 1.155E-07
 1.624E-07 1.674E-07 2.052E-07 1.111E-07
I   53
 1.318E-11 1.675E-11 2.110E-11 2.725E-11
 1.354E-10 2.495E-10 6.976E-10 6.025E-10
 7.210E-10 2.132E-09 1.833E-09 5.738E-09
 6.205E-09 7.659E-09 9.313E-09 1.009E-08
 1.283E-08 1.370E-08 1.649E-08 1.061E-08
Xe  54
 1.769E-10 2.330E-10 2.993E-10 3.476E-10
 1.840E-09 3.996E-09 8.868E-09 8.228E-09
 1.020E-08 3.695E-08 5.372E-08 7.275E-08
 8.327E-08 1.049E-07 1.249E-07 1.370E-07
 1.696E-07 1.890E-07 2.430E-07 1.478E-07
Cs  55
 1.410E-11 1.851E-11 2.262E-11 2.746E-11
 1.417E-10 2.595E-10 7.631E-10 6.305E-10
 7.551E-10 3.026E-09 1.723E-09 5.479E-09
 6.400E-09 8.269E-09 1.053E-08 1.002E-08
 1.305E-08 1.534E-08 1.793E-08 1.096E-08
Ba  56
 1.763E-10 2.807E-10 3.832E-10 3.732E-10
 1.897E-09 5.940E-09 1.583E-08 1.376E-08
 9.765E-09 5.511E-08 6.588E-08 1.042E-07
 8.006E-08 1.245E-07 1.614E-07 1.496E-07
 1.655E-07 2.142E-07 3.035E-07 1.871E-07
La  57
 1.718E-11 2.558E-11 3.425E-11 3.513E-11
 1.819E-10 4.316E-10 1.009E-09 8.908E-10
 9.441E-10 3.646E-09 3.721E-09 5.848E-09
 7.867E-09 1.214E-08 1.565E-08 1.454E-08
 1.630E-08 1.955E-08 2.919E-08 1.815E-08
Ce  58
 4.572E-11 6.596E-11 9.016E-11 9.075E-11
 5.015E-10 1.004E-09 2.164E-09 1.820E-09
 2.594E-09 7.516E-09 1.039E-08 9.917E-09
 2.090E-08 2.993E-08 3.805E-08 3.713E-08
 4.288E-08 5.238E-08 7.572E-08 4.499E-08
Pr  59
 6.701E-12 9.285E-12 1.203E-11 1.395E-11
 6.971E-11 1.178E-10 2.179E-10 2.329E-10
 3.597E-10 6.472E-10 7.545E-10 1.249E-09
 3.089E-09 4.277E-09 5.323E-09 5.384E-09
 6.317E-09 7.314E-09 9.400E-09 6.290E-09
Nd  60
 3.536E-11 4.685E-11 6.123E-11 7.589E-11
 3.780E-10 5.858E-10 9.903E-10 1.187E-09
 2.092E-09 4.008E-09 4.415E-09 6.312E-09
 1.731E-08 2.309E-08 2.827E-08 3.142E-08
 3.490E-08 4.317E-08 5.357E-08 3.568E-08
Sm  62
 1.313E-11 1.779E-11 2.811E-11 2.421E-11
 1.676E-10 2.115E-10 3.912E-10 3.318E-10
 8.044E-10 1.471E-09 3.973E-09 2.054E-09
 6.334E-09 8.019E-09 1.004E-08 1.057E-08
 1.244E-08 2.141E-08 2.727E-08 1.246E-08
Eu  63
 3.856E-12 4.834E-12 5.922E-12 7.524E-12
 3.948E-11 4.893E-11 6.355E-11 8.307E-11
 2.071E-10 2.645E-10 3.369E-10 4.567E-10
 1.804E-09 2.176E-09 2.504E-09 2.892E-09
 3.718E-09 3.717E-09 4.520E-09 2.807E-09
Gd  64
 1.453E-11 1.798E-11 2.316E-11 2.831E-11
 1.458E-10 1.862E-10 2.577E-10 3.396E-10
 7.951E-10 1.081E-09 1.303E-09 1.718E-09
 6.806E-09 8.189E-09 1.005E-08 1.166E-08
 1.400E-08 1.463E-08 1.964E-08 1.292E-08
Tb  65
 2.493E-12 3.124E-12 3.980E-12 4.873E-12
 2.582E-11 3.130E-11 4.572E-11 5.365E-11
 1.361E-10 1.815E-10 2.413E-10 2.674E-10
 1.163E-09 1.398E-09 1.658E-09 1.856E-09
 2.408E-09 2.496E-09 3.127E-09 1.800E-09
Dy  66
 1.724E-11 2.156E-11 2.790E-11 3.435E-11
 1.780E-10 2.287E-10 3.090E-10 3.649E-10
 9.682E-10 1.364E-09 1.858E-09 1.855E-09
 8.275E-09 1.001E-08 1.181E-08 1.276E-08
 1.704E-08 1.824E-08 2.233E-08 1.315E-08
Ho  67
 7.442E-12 9.169E-12 1.173E-11 1.414E-11
 7.496E-11 9.201E-11 1.144E-10 1.435E-10
 3.934E-10 5.183E-10 6.315E-10 6.879E-10
 3.469E-09 3.993E-09 4.721E-09 4.940E-09
 7.287E-09 7.190E-09 8.225E-09 4.340E-09
Er  68
 1.215E-11 1.556E-11 1.987E-11 2.215E-11
 1.256E-10 1.617E-10 2.258E-10 2.413E-10
 6.403E-10 1.002E-09 1.521E-09 1.189E-09
 5.500E-09 6.782E-09 8.298E-09 8.141E-09
 1.138E-08 1.280E-08 1.495E-08 8.560E-09
Tm  69
 1.732E-12 2.214E-12 2.701E-12 3.217E-12
 1.736E-11 2.220E-11 3.275E-11 3.492E-11
 9.043E-11 1.289E-10 1.640E-10 1.720E-10
 7.898E-10 9.513E-10 1.144E-09 1.159E-09
 1.639E-09 1.717E-09 1.954E-09 1.106E-09
Yb  70
 1.283E-11 1.726E-11 2.283E-11 2.541E-11
 1.334E-10 1.859E-10 2.813E-10 2.918E-10
 6.839E-10 1.099E-09 1.640E-09 1.418E-09
 5.795E-09 7.325E-09 8.808E-09 9.131E-09
 1.188E-08 1.306E-08 1.683E-08 9.910E-09
Lu  71
 2.190E-12 3.400E-12 4.596E-12 4.084E-12
 2.289E-11 3.615E-11 4.918E-11 5.016E-11
 1.147E-10 2.185E-10 3.200E-10 2.261E-10
 9.934E-10 1.290E-09 1.410E-09 1.592E-09
 2.075E-09 2.146E-09 2.968E-09 1.555E-09
Hf  72
 8.253E-12 1.197E-11 1.585E-11 1.685E-11
 8.573E-11 1.286E-10 2.011E-10 2.280E-10
 4.470E-10 8.112E-10 1.082E-09 1.113E-09
 3.760E-09 5.024E-09 6.188E-09 6.780E-09
 7.607E-09 8.388E-09 1.206E-08 8.067E-09
Ta  73
 1.829E-12 2.420E-12 3.005E-12 3.687E-12
 1.839E-11 2.518E-11 3.593E-11 4.606E-11
 9.891E-11 1.521E-10 1.681E-10 2.332E-10
 8.504E-10 1.039E-09 1.316E-09 1.498E-09
 1.748E-09 1.810E-09 2.463E-09 1.723E-09
W   74
 7.777E-12 1.148E-11 1.470E-11 1.590E-11
 8.121E-11 1.255E-10 1.927E-10 2.067E-10
 4.376E-10 7.460E-10 9.613E-10 1.030E-09
 3.609E-09 5.027E-09 5.750E-09 6.700E-09
 7.095E-09 8.152E-09 1.209E-08 8.017E-09
Re  75
 2.646E-12 3.472E-12 4.447E-12 5.494E-12
 2.690E-11 3.507E-11 5.155E-11 6.149E-11
 1.465E-10 1.982E-10 2.476E-10 3.036E-10
 1.231E-09 1.563E-09 1.847E-09 2.164E-09
 2.490E-09 2.719E-09 3.442E-09 2.337E-09
Os  76
 3.327E-11 4.198E-11 5.419E-11 6.257E-11
 3.358E-10 4.215E-10 5.427E-10 6.378E-10
 1.772E-09 2.391E-09 2.743E-09 2.933E-09
 1.558E-08 1.829E-08 2.129E-08 2.145E-08
 3.263E-08 3.245E-08 3.715E-08 1.868E-08
Ir  77
 3.118E-11 3.825E-11 4.885E-11 5.782E-11
 3.151E-10 3.779E-10 4.690E-10 5.674E-10
 1.662E-09 2.130E-09 2.595E-09 2.556E-09
 1.470E-08 1.674E-08 1.915E-08 1.975E-08
 3.086E-08 2.971E-08 3.383E-08 1.515E-08
Pt  78
 7.099E-11 8.807E-11 1.130E-10 1.279E-10
 7.070E-10 8.595E-10 1.070E-09 1.246E-09
 3.670E-09 4.754E-09 5.646E-09 5.713E-09
 3.239E-08 3.743E-08 4.475E-08 4.341E-08
 6.817E-08 6.847E-08 7.575E-08 3.864E-08
Au  79
 1.004E-11 1.271E-11 1.613E-11 1.914E-11
 1.010E-10 1.255E-10 1.636E-10 1.828E-10
 5.268E-10 7.047E-10 8.852E-10 8.663E-10
 4.611E-09 5.455E-09 6.502E-09 6.390E-09
 9.607E-09 1.003E-08 1.118E-08 5.830E-09
Hg  80
 2.452E-11 4.063E-11 5.416E-11 5.665E-11
 2.720E-10 4.099E-10 6.275E-10 6.286E-10
 1.435E-09 2.457E-09 4.237E-09 3.283E-09
 1.159E-08 1.817E-08 2.060E-08 2.377E-08
 2.243E-08 3.376E-08 4.686E-08 3.143E-08
Tl  81
 1.184E-11 1.884E-11 2.148E-11 2.495E-11
 1.163E-10 1.734E-10 2.312E-10 2.696E-10
 6.180E-10 9.643E-10 1.023E-09 1.341E-09
 5.250E-09 8.176E-09 9.894E-09 9.353E-09
 1.056E-08 1.291E-08 1.673E-08 1.122E-08
Pb  82
 1.444E-10 2.159E-10 2.866E-10 3.087E-10
 1.482E-09 2.446E-09 3.238E-09 3.453E-09
 7.840E-09 1.302E-08 1.267E-08 1.853E-08
 6.674E-08 9.810E-08 1.258E-07 1.264E-07
 1.372E-07 1.535E-07 2.305E-07 1.571E-07
Bi  83
 8.275E-12 1.094E-11 1.396E-11 1.749E-11
 8.497E-11 1.193E-10 1.486E-10 1.782E-10
 4.621E-10 6.624E-10 7.492E-10 9.435E-10
 3.937E-09 5.101E-09 6.292E-09 6.472E-09
 8.037E-09 8.798E-09 1.145E-08 7.610E-09
