 80  5  8
 1.00E-04 1.00E-03 6.00E-03 1.00E-02 2.00E-02
 1.00E+00 1.65E+00 2.00E+00 3.00E+00 4.00E+00 5.00E+00 6.00E+00 7.00E+00
H    1
 3.289E-01 7.133E-01 9.424E-01 1.523E+00 2.042E+00 2.551E+00 3.052E+00 3.522E+00
 3.025E-01 7.305E-01 9.507E-01 1.570E+00 2.076E+00 2.572E+00 3.066E+00 3.546E+00
 3.103E-01 7.341E-01 9.621E-01 1.613E+00 2.143E+00 2.650E+00 3.142E+00 3.630E+00
 3.124E-01 7.267E-01 9.551E-01 1.600E+00 2.139E+00 2.647E+00 3.133E+00 3.613E+00
 3.019E-01 6.849E-01 9.235E-01 1.543E+00 2.115E+00 2.622E+00 3.107E+00 3.568E+00
He   2
 1.308E-01 2.875E-01 3.582E-01 6.135E-01 1.037E+00 1.451E+00 1.820E+00 2.192E+00
 1.117E-01 2.827E-01 3.746E-01 5.920E-01 1.012E+00 1.434E+00 1.804E+00 2.182E+00
 1.193E-01 2.851E-01 3.866E-01 6.391E-01 9.660E-01 1.371E+00 1.771E+00 2.168E+00
 1.238E-01 2.877E-01 3.938E-01 6.767E-01 9.636E-01 1.385E+00 1.805E+00 2.201E+00
 1.292E-01 2.911E-01 4.056E-01 7.150E-01 9.663E-01 1.397E+00 1.817E+00 2.239E+00
Li   3
 1.434E-08 3.207E-11 5.298E-11 1.167E-09 1.543E-08 4.858E-09 4.120E-09 1.130E-06
 8.569E-12 3.018E-11 5.518E-11 1.036E-10 5.812E-08 7.842E-09 8.762E-09 9.107E-07
 1.642E-12 3.018E-11 4.186E-11 1.419E-10 2.170E-10 4.242E-08 3.340E-08 7.098E-08
 1.665E-10 1.297E-11 1.427E-11 1.662E-11 4.516E-08 9.654E-08 3.498E-08 4.343E-08
 2.132E-11 2.613E-11 2.891E-11 3.536E-11 3.245E-08 7.894E-11 3.042E-08 5.040E-08
B    5
 1.345E-12 2.949E-12 3.817E-12 6.140E-12 8.848E-12 1.146E-11 1.393E-11 1.637E-11
 1.188E-11 2.953E-11 3.901E-11 6.219E-11 8.880E-11 1.148E-10 1.394E-10 1.641E-10
 7.413E-11 1.777E-10 2.371E-10 3.928E-10 5.383E-10 6.940E-10 8.484E-10 1.001E-09
 6.293E-10 1.470E-09 1.982E-09 3.342E-09 4.510E-09 5.840E-09 7.149E-09 8.405E-09
 1.256E-09 2.853E-09 3.941E-09 6.734E-09 9.088E-09 1.178E-08 1.438E-08 1.695E-08
C    6
 8.708E-03 2.147E-02 2.356E-02 8.884E-03 1.988E-03 7.856E-04 2.937E-04 1.797E-03
 7.063E-04 1.337E-02 2.608E-02 8.723E-03 4.042E-03 1.234E-03 4.238E-04 1.284E-03
 2.736E-04 7.715E-03 1.786E-02 1.856E-02 9.100E-03 8.749E-04 1.498E-03 1.240E-03
 7.294E-04 4.655E-03 1.852E-02 2.990E-02 1.991E-02 9.310E-03 3.304E-03 2.154E-03
 1.353E-03 4.750E-03 1.894E-02 3.956E-02 3.097E-02 2.335E-02 1.977E-03 2.462E-03
N    7
 7.763E-05 5.710E-05 3.870E-05 3.408E-05 1.019E-02 4.692E-03 2.360E-03 8.018E-03
 1.985E-05 1.036E-04 1.711E-04 2.213E-04 7.812E-03 6.323E-03 5.150E-03 7.922E-03
 8.937E-05 4.067E-04 7.848E-04 1.694E-03 2.854E-03 7.439E-03 1.453E-02 1.699E-02
 3.519E-04 1.248E-03 1.931E-03 3.817E-03 5.838E-03 1.559E-02 2.974E-02 3.151E-02
 6.713E-04 2.328E-03 3.561E-03 7.173E-03 1.041E-02 1.678E-02 4.112E-02 4.746E-02
O    8
 1.835E-03 8.626E-03 9.952E-03 2.781E-03 4.080E-03 1.833E-04 2.239E-04 3.249E-03
 5.767E-04 5.937E-03 1.184E-02 4.024E-03 6.280E-03 1.217E-03 1.252E-03 3.756E-03
 1.921E-03 7.652E-03 1.330E-02 1.577E-02 1.502E-02 1.426E-02 1.410E-02 1.550E-02
 2.127E-03 5.908E-03 1.389E-02 2.232E-02 1.982E-02 1.997E-02 1.943E-02 1.835E-02
 4.243E-03 1.001E-02 1.911E-02 3.604E-02 3.844E-02 3.923E-02 3.799E-02 4.214E-02
F    9
 3.522E-08 2.432E-06 2.565E-06 3.756E-08 7.060E-09 1.065E-09 6.403E-10 9.822E-09
 1.506E-08 9.664E-07 3.371E-06 7.341E-08 2.274E-08 4.876E-09 3.525E-09 1.682E-08
 1.459E-08 4.508E-07 1.822E-06 1.121E-06 1.513E-07 4.940E-08 3.147E-08 4.191E-08
 1.258E-07 4.096E-07 1.731E-06 3.354E-06 9.432E-07 9.319E-07 1.050E-07 8.982E-08
 2.471E-07 7.602E-07 2.261E-06 6.245E-06 2.124E-06 2.085E-06 1.960E-07 1.784E-07
Ne  10
 1.487E-05 8.758E-04 9.089E-04 1.138E-04 2.528E-04 4.369E-05 5.373E-05 1.268E-04
 3.097E-05 4.082E-04 1.256E-03 2.199E-04 3.990E-04 2.592E-04 3.158E-04 4.209E-04
 1.531E-04 5.682E-04 1.258E-03 1.347E-03 1.264E-03 1.448E-03 1.798E-03 2.330E-03
 4.362E-04 1.103E-03 2.174E-03 3.613E-03 3.518E-03 4.214E-03 5.218E-03 6.676E-03
 8.662E-04 2.100E-03 3.795E-03 7.574E-03 7.390E-03 8.558E-03 9.959E-03 1.186E-02
Na  11
 1.903E-07 6.951E-06 6.375E-06 1.020E-06 1.500E-06 3.222E-07 1.138E-07 5.084E-07
 2.140E-07 2.567E-06 9.646E-06 2.696E-06 8.277E-06 1.561E-06 1.276E-06 5.904E-06
 1.051E-06 4.177E-06 9.941E-06 1.233E-05 1.380E-05 1.761E-05 1.081E-05 9.659E-06
 8.853E-06 2.378E-05 4.179E-05 7.610E-05 1.035E-04 1.477E-04 1.076E-04 4.612E-05
 1.761E-05 4.409E-05 7.755E-05 1.593E-04 1.987E-04 2.854E-04 2.723E-04 2.339E-04
Mg  12
 1.005E-06 5.403E-05 9.078E-05 3.960E-05 1.193E-04 2.429E-05 1.937E-05 4.907E-05
 7.271E-06 3.665E-05 1.105E-04 6.605E-05 1.570E-04 9.500E-05 1.083E-04 1.736E-04
 4.351E-05 1.191E-04 1.905E-04 3.405E-04 4.288E-04 4.160E-04 5.799E-04 1.017E-03
 1.657E-04 3.927E-04 5.835E-04 1.099E-03 1.549E-03 1.784E-03 2.296E-03 3.465E-03
 3.308E-04 7.573E-04 1.126E-03 2.166E-03 3.451E-03 3.713E-03 4.115E-03 4.980E-03
Al  13
 3.506E-08 3.905E-07 8.674E-07 6.366E-07 2.057E-06 2.275E-06 1.841E-06 1.037E-06
 2.997E-07 7.956E-07 1.619E-06 2.118E-06 3.509E-06 4.639E-06 7.882E-06 5.905E-06
 1.682E-06 4.163E-06 5.781E-06 1.022E-05 1.527E-05 1.637E-05 2.226E-05 2.862E-05
 1.429E-05 3.373E-05 4.624E-05 7.894E-05 1.151E-04 1.432E-04 1.770E-04 2.175E-04
 2.851E-05 6.518E-05 9.123E-05 1.576E-04 2.284E-04 2.850E-04 3.422E-04 4.029E-04
Si  14
 7.645E-07 1.791E-06 2.559E-06 3.970E-06 6.714E-06 7.136E-06 1.495E-05 9.418E-06
 6.568E-06 1.642E-05 2.203E-05 3.545E-05 5.208E-05 6.518E-05 8.007E-05 9.254E-05
 4.094E-05 9.836E-05 1.316E-04 2.184E-04 3.014E-04 3.845E-04 4.729E-04 5.591E-04
 1.787E-04 4.176E-04 5.643E-04 9.529E-04 1.293E-03 1.671E-03 2.055E-03 2.421E-03
 3.568E-04 8.105E-04 1.121E-03 1.919E-03 2.603E-03 3.362E-03 4.098E-03 4.834E-03
P   15
 2.192E-08 1.983E-08 2.732E-08 4.376E-08 1.026E-07 6.379E-08 3.841E-08 4.718E-08
 3.023E-08 9.922E-08 1.658E-07 2.302E-07 4.427E-07 4.000E-07 3.696E-07 4.214E-07
 1.845E-07 4.867E-07 7.249E-07 1.267E-06 1.756E-06 1.774E-06 2.481E-06 2.610E-06
 1.566E-06 3.666E-06 5.081E-06 8.824E-06 1.230E-05 1.537E-05 1.895E-05 2.135E-05
 3.126E-06 7.109E-06 9.995E-06 1.761E-05 2.558E-05 3.121E-05 3.676E-05 4.300E-05
S   16
 5.121E-07 1.134E-06 1.469E-06 2.391E-06 3.455E-06 4.471E-06 5.436E-06 6.386E-06
 4.631E-06 1.144E-05 1.503E-05 2.419E-05 3.456E-05 4.472E-05 5.438E-05 6.401E-05
 2.892E-05 6.912E-05 9.196E-05 1.524E-04 2.096E-04 2.707E-04 3.308E-04 3.904E-04
 9.328E-05 2.178E-04 2.931E-04 4.934E-04 6.663E-04 8.642E-04 1.058E-03 1.245E-03
 1.862E-04 4.229E-04 5.830E-04 9.942E-04 1.340E-03 1.741E-03 2.130E-03 2.511E-03
Cl  17
 4.721E-09 1.209E-08 1.538E-08 2.052E-08 2.963E-08 3.809E-08 4.788E-08 5.481E-08
 3.872E-08 1.100E-07 1.580E-07 2.075E-07 2.957E-07 3.778E-07 4.587E-07 5.428E-07
 2.369E-07 6.163E-07 8.783E-07 1.380E-06 1.770E-06 2.240E-06 2.775E-06 3.274E-06
 2.011E-06 4.739E-06 6.674E-06 1.134E-05 1.484E-05 1.896E-05 2.328E-05 2.726E-05
 4.014E-06 9.169E-06 1.314E-05 2.301E-05 3.041E-05 3.841E-05 4.637E-05 5.473E-05
Ar  18
 8.228E-08 1.820E-07 2.359E-07 3.843E-07 5.537E-07 7.182E-07 8.738E-07 1.027E-06
 7.454E-07 1.839E-06 2.413E-06 3.894E-06 5.559E-06 7.195E-06 8.748E-06 1.029E-05
 4.657E-06 1.111E-05 1.477E-05 2.452E-05 3.374E-05 4.358E-05 5.322E-05 6.281E-05
 2.155E-05 5.029E-05 6.754E-05 1.137E-04 1.539E-04 1.996E-04 2.442E-04 2.874E-04
 4.301E-05 9.765E-05 1.344E-04 2.290E-04 3.094E-04 4.021E-04 4.918E-04 5.797E-04
K   19
 2.233E-09 5.065E-09 6.460E-09 9.309E-09 1.345E-08 1.731E-08 2.109E-08 2.481E-08
 1.758E-08 4.697E-08 6.532E-08 9.402E-08 1.342E-07 1.726E-07 2.092E-07 2.473E-07
 1.089E-07 2.706E-07 3.735E-07 6.083E-07 8.065E-07 1.028E-06 1.271E-06 1.499E-06
 9.247E-07 2.173E-06 3.002E-06 5.082E-06 6.761E-06 8.684E-06 1.067E-05 1.251E-05
 1.846E-06 4.210E-06 5.940E-06 1.029E-05 1.377E-05 1.755E-05 2.129E-05 2.515E-05
Ca  20
 5.590E-08 1.240E-07 1.607E-07 2.630E-07 3.790E-07 4.920E-07 5.993E-07 7.038E-07
 5.108E-07 1.257E-06 1.647E-06 2.666E-06 3.806E-06 4.929E-06 5.997E-06 7.057E-06
 3.192E-06 7.613E-06 1.011E-05 1.678E-05 2.310E-05 2.986E-05 3.647E-05 4.305E-05
 1.647E-05 3.844E-05 5.161E-05 8.681E-05 1.174E-04 1.524E-04 1.865E-04 2.196E-04
 3.288E-05 7.464E-05 1.027E-04 1.749E-04 2.359E-04 3.070E-04 3.758E-04 4.430E-04
Sc  21
 1.170E-10 1.210E-10 1.570E-10 1.577E-10 2.328E-10 2.560E-10 2.767E-10 3.231E-10
 2.347E-10 8.336E-10 1.408E-09 1.511E-09 2.241E-09 2.526E-09 2.758E-09 3.205E-09
 1.405E-09 4.034E-09 6.294E-09 1.054E-08 1.241E-08 1.354E-08 1.776E-08 1.966E-08
 1.193E-08 2.839E-08 4.248E-08 7.715E-08 1.029E-07 1.229E-07 1.533E-07 1.687E-07
 2.381E-08 5.475E-08 8.210E-08 1.534E-07 2.267E-07 2.558E-07 2.878E-07 3.364E-07
Ti  22
 3.838E-09 7.194E-09 9.092E-09 1.405E-08 2.023E-08 2.596E-08 3.145E-08 3.695E-08
 2.682E-08 6.798E-08 9.136E-08 1.416E-07 2.023E-07 2.596E-07 3.146E-07 3.703E-07
 1.671E-07 4.029E-07 5.421E-07 8.974E-07 1.223E-06 1.566E-06 1.917E-06 2.259E-06
 8.992E-07 2.101E-06 2.847E-06 4.815E-06 6.498E-06 8.379E-06 1.025E-05 1.203E-05
 1.795E-06 4.078E-06 5.650E-06 9.696E-06 1.314E-05 1.692E-05 2.058E-05 2.425E-05
V   23
 2.144E-10 4.399E-10 5.641E-10 8.994E-10 1.302E-09 1.680E-09 2.045E-09 2.408E-09
 1.724E-09 4.289E-09 5.683E-09 9.076E-09 1.300E-08 1.678E-08 2.043E-08 2.409E-08
 1.077E-08 2.574E-08 3.433E-08 5.717E-08 7.853E-08 1.011E-07 1.241E-07 1.466E-07
 9.140E-08 2.136E-07 2.867E-07 4.818E-07 6.534E-07 8.484E-07 1.041E-06 1.227E-06
 1.824E-07 4.148E-07 5.713E-07 9.719E-07 1.314E-06 1.707E-06 2.092E-06 2.473E-06
Cr  24
 9.270E-09 2.025E-08 2.621E-08 4.248E-08 6.124E-08 7.935E-08 9.660E-08 1.135E-07
 8.234E-08 2.038E-07 2.683E-07 4.304E-07 6.145E-07 7.948E-07 9.665E-07 1.138E-06
 5.140E-07 1.230E-06 1.638E-06 2.714E-06 3.728E-06 4.812E-06 5.879E-06 6.939E-06
 4.363E-06 1.019E-05 1.373E-05 2.312E-05 3.119E-05 4.044E-05 4.950E-05 5.824E-05
 8.711E-06 1.978E-05 2.731E-05 4.661E-05 6.276E-05 8.150E-05 9.963E-05 1.175E-04
Mn  25
 4.946E-09 1.109E-08 1.431E-08 2.345E-08 3.411E-08 4.504E-08 5.549E-08 6.577E-08
 4.565E-08 1.128E-07 1.475E-07 2.379E-07 3.401E-07 4.484E-07 5.515E-07 6.544E-07
 2.850E-07 6.829E-07 9.113E-07 1.497E-06 2.061E-06 2.691E-06 3.322E-06 3.951E-06
 2.421E-06 5.703E-06 7.777E-06 1.295E-05 1.725E-05 2.249E-05 2.774E-05 3.294E-05
 4.830E-06 1.105E-05 1.553E-05 2.648E-05 3.467E-05 4.512E-05 5.565E-05 6.622E-05
Fe  26
 6.453E-07 1.451E-06 1.881E-06 3.073E-06 4.429E-06 5.754E-06 7.012E-06 8.238E-06
 5.977E-06 1.473E-05 1.931E-05 3.116E-05 4.448E-05 5.764E-05 7.016E-05 8.259E-05
 3.733E-05 8.917E-05 1.186E-04 1.963E-04 2.701E-04 3.493E-04 4.266E-04 5.037E-04
 3.169E-04 7.400E-04 9.961E-04 1.676E-03 2.260E-03 2.933E-03 3.590E-03 4.227E-03
 6.325E-04 1.437E-03 1.982E-03 3.379E-03 4.543E-03 5.909E-03 7.231E-03 8.526E-03
Co  27
 2.015E-09 7.565E-09 1.037E-08 1.013E-08 1.472E-08 1.748E-08 2.059E-08 2.482E-08
 1.787E-08 6.454E-08 1.084E-07 1.033E-07 1.489E-07 1.764E-07 2.058E-07 2.414E-07
 1.036E-07 3.289E-07 5.273E-07 7.878E-07 8.557E-07 1.003E-06 1.266E-06 1.459E-06
 8.803E-07 2.159E-06 3.827E-06 7.232E-06 8.378E-06 9.608E-06 1.209E-05 1.285E-05
 1.756E-06 4.102E-06 7.143E-06 1.466E-05 1.942E-05 2.047E-05 2.190E-05 2.553E-05
Ni  28
 4.310E-08 9.932E-08 1.306E-07 1.904E-07 2.740E-07 3.483E-07 4.152E-07 4.885E-07
 3.553E-07 9.457E-07 1.315E-06 1.921E-06 2.745E-06 3.487E-06 4.160E-06 4.887E-06
 2.206E-06 5.452E-06 7.484E-06 1.241E-05 1.645E-05 2.072E-05 2.555E-05 2.984E-05
 1.873E-05 4.372E-05 5.980E-05 1.031E-04 1.399E-04 1.778E-04 2.181E-04 2.523E-04
 3.738E-05 8.486E-05 1.180E-04 2.059E-04 2.876E-04 3.613E-04 4.326E-04 5.080E-04
Cu  29
 1.710E-09 5.790E-09 7.598E-09 4.348E-09 5.791E-09 5.742E-09 5.194E-09 6.446E-09
 4.592E-09 3.589E-08 7.148E-08 4.234E-08 5.759E-08 5.641E-08 5.245E-08 6.213E-08
 2.501E-08 1.168E-07 2.361E-07 3.775E-07 3.085E-07 2.554E-07 3.664E-07 3.711E-07
 2.124E-07 5.113E-07 9.872E-07 2.398E-06 3.292E-06 3.169E-06 3.841E-06 3.659E-06
 4.238E-07 9.786E-07 1.711E-06 4.292E-06 8.377E-06 7.261E-06 6.274E-06 6.891E-06
Zn  30
 3.366E-09 8.414E-09 9.673E-09 7.300E-09 1.002E-08 1.102E-08 1.185E-08 1.401E-08
 1.015E-08 4.981E-08 8.880E-08 7.127E-08 9.944E-08 1.090E-07 1.191E-07 1.419E-07
 6.174E-08 1.868E-07 3.237E-07 5.294E-07 5.674E-07 5.907E-07 7.694E-07 8.634E-07
 5.241E-07 1.227E-06 1.788E-06 3.494E-06 5.139E-06 5.761E-06 6.865E-06 7.678E-06
 1.046E-06 2.379E-06 3.421E-06 6.718E-06 1.170E-05 1.230E-05 1.300E-05 1.490E-05
Ga  31
 4.157E-10 9.162E-10 9.969E-10 4.782E-10 6.085E-10 5.042E-10 4.093E-10 4.738E-10
 3.344E-10 3.560E-09 7.780E-09 4.428E-09 5.891E-09 4.827E-09 4.159E-09 5.129E-09
 1.988E-09 7.703E-09 1.787E-08 3.695E-08 3.072E-08 2.016E-08 3.099E-08 3.094E-08
 1.688E-08 3.979E-08 6.155E-08 1.476E-07 2.872E-07 2.628E-07 2.990E-07 2.915E-07
 3.368E-08 7.693E-08 1.149E-07 2.598E-07 7.404E-07 6.051E-07 5.068E-07 5.489E-07
Ge  32
 2.136E-09 3.577E-09 3.753E-09 1.896E-09 2.430E-09 1.876E-09 1.357E-09 1.515E-09
 1.090E-09 1.180E-08 2.726E-08 1.697E-08 2.300E-08 1.769E-08 1.395E-08 1.661E-08
 6.545E-09 2.334E-08 5.477E-08 1.313E-07 1.162E-07 6.727E-08 1.112E-07 1.053E-07
 5.556E-08 1.305E-07 1.950E-07 4.522E-07 1.025E-06 9.220E-07 1.036E-06 9.692E-07
 1.109E-07 2.526E-07 3.697E-07 8.000E-07 2.669E-06 2.129E-06 1.739E-06 1.862E-06
As  33
 1.046E-10 1.708E-10 1.757E-10 9.494E-11 1.224E-10 9.661E-11 7.437E-11 8.289E-11
 6.088E-11 5.232E-10 1.230E-09 8.464E-10 1.154E-09 9.145E-10 7.639E-10 8.988E-10
 3.712E-10 1.137E-09 2.436E-09 6.217E-09 5.889E-09 3.721E-09 5.893E-09 5.756E-09
 3.150E-09 7.363E-09 1.049E-08 2.206E-08 4.998E-08 4.694E-08 5.267E-08 5.072E-08
 6.290E-09 1.428E-08 2.029E-08 4.027E-08 1.273E-07 1.062E-07 9.218E-08 1.000E-07
Se  34
 2.185E-09 2.578E-09 2.671E-09 1.411E-09 1.832E-09 1.277E-09 7.879E-10 8.522E-10
 6.171E-10 6.259E-09 1.660E-08 1.209E-08 1.658E-08 1.161E-08 8.207E-09 9.175E-09
 3.736E-09 1.146E-08 2.626E-08 8.359E-08 8.009E-08 3.882E-08 7.096E-08 6.191E-08
 3.171E-08 7.428E-08 1.074E-07 2.262E-07 6.330E-07 5.580E-07 6.025E-07 5.278E-07
 6.331E-08 1.440E-07 2.072E-07 4.128E-07 1.671E-06 1.284E-06 1.026E-06 1.082E-06
Br  35
 3.440E-10 4.081E-10 4.261E-10 2.370E-10 3.088E-10 2.206E-10 1.470E-10 1.603E-10
 1.181E-10 9.853E-10 2.600E-09 2.036E-09 2.803E-09 2.023E-09 1.526E-09 1.694E-09
 7.204E-10 2.057E-09 4.314E-09 1.369E-08 1.371E-08 7.312E-09 1.267E-08 1.144E-08
 6.114E-09 1.429E-08 2.021E-08 4.020E-08 1.067E-07 9.761E-08 1.061E-07 9.612E-08
 1.221E-08 2.771E-08 3.930E-08 7.503E-08 2.760E-07 2.212E-07 1.861E-07 1.986E-07
Kr  36
 9.154E-09 3.181E-09 3.334E-09 2.449E-09 3.397E-09 1.846E-09 6.967E-10 7.116E-10
 4.994E-10 4.757E-09 1.563E-08 1.782E-08 2.644E-08 1.475E-08 7.618E-09 7.961E-09
 3.007E-09 8.506E-09 1.875E-08 8.276E-08 1.138E-07 3.311E-08 8.566E-08 5.860E-08
 2.553E-08 5.993E-08 8.757E-08 1.698E-07 6.495E-07 5.528E-07 5.405E-07 4.178E-07
 5.096E-08 1.161E-07 1.692E-07 3.274E-07 1.721E-06 1.265E-06 9.470E-07 9.390E-07
Rb  37
 3.668E-09 9.457E-10 1.072E-09 8.431E-10 1.205E-09 5.849E-10 1.352E-10 1.184E-10
 7.817E-11 1.084E-09 4.408E-09 5.806E-09 9.040E-09 4.412E-09 1.609E-09 1.272E-09
 4.596E-10 1.377E-09 3.489E-09 2.351E-08 3.701E-08 6.145E-09 2.440E-08 1.245E-08
 3.897E-09 9.212E-09 1.378E-08 2.977E-08 1.890E-07 1.466E-07 1.274E-07 7.773E-08
 7.761E-09 1.783E-08 2.630E-08 5.446E-08 5.245E-07 3.459E-07 2.163E-07 1.912E-07
Sr  38
 6.005E-09 3.708E-09 2.515E-09 1.657E-09 2.446E-09 1.014E-09 3.665E-10 3.752E-10
 2.982E-10 2.982E-09 1.110E-08 1.043E-08 1.787E-08 7.657E-09 4.066E-09 4.314E-09
 1.581E-09 4.774E-09 1.121E-08 4.199E-08 7.452E-08 1.707E-08 4.747E-08 3.340E-08
 1.342E-08 3.190E-08 5.804E-08 1.098E-07 3.568E-07 2.986E-07 2.539E-07 2.064E-07
 2.681E-08 6.144E-08 1.049E-07 2.367E-07 9.727E-07 6.994E-07 4.995E-07 4.627E-07
Y   39
 1.830E-09 8.725E-10 6.017E-10 4.393E-10 6.765E-10 2.447E-10 7.565E-11 7.655E-11
 6.306E-11 4.968E-10 2.159E-09 2.495E-09 4.728E-09 1.766E-09 8.593E-10 8.151E-10
 3.191E-10 9.550E-10 2.033E-09 8.401E-09 1.892E-08 3.506E-09 1.104E-08 6.697E-09
 2.709E-09 6.433E-09 1.210E-08 2.371E-08 7.666E-08 6.331E-08 5.075E-08 4.098E-08
 5.407E-09 1.239E-08 2.147E-08 5.091E-08 2.117E-07 1.491E-07 1.033E-07 9.277E-08
Zr  40
 6.764E-09 1.615E-09 1.173E-09 1.186E-09 2.017E-09 6.682E-10 1.803E-10 1.909E-10
 1.547E-10 7.655E-10 3.288E-09 5.478E-09 1.278E-08 4.456E-09 2.044E-09 1.933E-09
 7.854E-10 2.254E-09 4.177E-09 1.437E-08 4.689E-08 8.419E-09 2.749E-08 1.535E-08
 6.667E-09 1.582E-08 2.900E-08 5.747E-08 1.499E-07 1.305E-07 1.079E-07 9.587E-08
 1.331E-08 3.049E-08 5.156E-08 1.212E-07 4.009E-07 3.019E-07 2.248E-07 2.109E-07
Nb  41
 3.048E-10 1.058E-10 7.679E-11 6.630E-11 1.079E-10 3.452E-11 1.100E-11 1.151E-11
 9.837E-12 4.592E-11 2.076E-10 3.267E-10 7.182E-10 2.404E-10 1.237E-10 1.167E-10
 4.932E-11 1.426E-10 2.630E-10 9.049E-10 2.759E-09 5.205E-10 1.551E-09 9.193E-10
 4.186E-10 9.922E-10 1.839E-09 3.738E-09 9.412E-09 8.134E-09 6.648E-09 5.943E-09
 8.357E-10 1.913E-09 3.244E-09 7.820E-09 2.543E-08 1.898E-08 1.399E-08 1.306E-08
Mo  42
 9.995E-10 2.055E-10 1.568E-10 1.789E-10 3.056E-10 1.031E-10 3.892E-11 4.337E-11
 3.425E-11 1.150E-10 3.917E-10 8.020E-10 1.936E-09 7.118E-10 4.179E-10 4.334E-10
 1.849E-10 4.969E-10 8.106E-10 2.093E-09 7.178E-09 1.862E-09 4.527E-09 3.051E-09
 1.570E-09 3.711E-09 6.263E-09 1.172E-08 2.342E-08 2.269E-08 2.128E-08 2.168E-08
 3.133E-09 7.167E-09 1.140E-08 2.470E-08 5.851E-08 5.041E-08 4.429E-08 4.564E-08
Ru  44
 5.305E-10 9.566E-11 6.721E-11 9.251E-11 1.575E-10 6.064E-11 2.857E-11 3.267E-11
 2.563E-11 7.504E-11 1.926E-10 4.066E-10 9.694E-10 4.315E-10 2.990E-10 3.272E-10
 1.444E-10 3.731E-10 5.706E-10 1.160E-09 3.685E-09 1.403E-09 2.796E-09 2.200E-09
 1.226E-09 2.882E-09 4.570E-09 8.191E-09 1.328E-08 1.436E-08 1.501E-08 1.650E-08
 2.447E-09 5.576E-09 8.496E-09 1.730E-08 3.033E-08 3.071E-08 3.111E-08 3.396E-08
Rh  45
 5.166E-11 8.520E-12 6.095E-12 8.742E-12 1.437E-11 7.279E-12 5.111E-12 5.908E-12
 4.595E-12 1.218E-11 2.343E-11 4.530E-11 9.502E-11 5.855E-11 5.241E-11 5.938E-11
 2.738E-11 6.735E-11 9.530E-11 1.734E-10 4.061E-10 2.584E-10 4.013E-10 3.810E-10
 2.323E-10 5.422E-10 7.804E-10 1.358E-09 1.997E-09 2.364E-09 2.676E-09 3.048E-09
 4.639E-10 1.052E-09 1.503E-09 2.788E-09 4.275E-09 4.919E-09 5.494E-09 6.217E-09
Pd  46
 5.323E-10 9.036E-11 5.747E-11 8.020E-11 1.386E-10 5.314E-11 2.283E-11 2.625E-11
 2.074E-11 6.183E-11 1.648E-10 3.301E-10 8.214E-10 3.644E-10 2.397E-10 2.614E-10
 1.127E-10 2.990E-10 4.731E-10 9.095E-10 3.069E-09 1.105E-09 2.331E-09 1.771E-09
 9.568E-10 2.263E-09 3.786E-09 6.987E-09 1.067E-08 1.143E-08 1.179E-08 1.302E-08
 1.910E-09 4.371E-09 6.907E-09 1.474E-08 2.464E-08 2.465E-08 2.456E-08 2.675E-08
Ag  47
 8.382E-11 1.548E-11 1.013E-11 1.445E-11 2.443E-11 1.162E-11 7.515E-12 8.687E-12
 6.785E-12 1.829E-11 3.710E-11 6.969E-11 1.549E-10 9.005E-11 7.720E-11 8.716E-11
 3.961E-11 9.897E-11 1.433E-10 2.561E-10 6.396E-10 3.757E-10 6.102E-10 5.638E-10
 3.362E-10 7.872E-10 1.174E-09 2.073E-09 2.994E-09 3.499E-09 3.908E-09 4.449E-09
 6.712E-10 1.525E-09 2.231E-09 4.276E-09 6.509E-09 7.329E-09 8.047E-09 9.073E-09
Cd  48
 8.405E-10 1.341E-10 8.326E-11 1.128E-10 2.025E-10 7.557E-11 2.868E-11 3.300E-11
 2.701E-11 8.159E-11 2.243E-10 4.264E-10 1.166E-09 4.960E-10 3.037E-10 3.279E-10
 1.399E-10 3.847E-10 6.335E-10 1.180E-09 4.291E-09 1.386E-09 3.138E-09 2.254E-09
 1.187E-09 2.827E-09 5.072E-09 9.747E-09 1.436E-08 1.490E-08 1.480E-08 1.622E-08
 2.370E-09 5.442E-09 9.007E-09 2.041E-08 3.391E-08 3.268E-08 3.120E-08 3.334E-08
In  49
 6.878E-11 9.691E-12 6.051E-12 8.168E-12 1.436E-11 6.125E-12 3.092E-12 3.578E-12
 2.915E-12 8.174E-12 1.865E-11 3.379E-11 8.585E-11 4.355E-11 3.225E-11 3.574E-11
 1.603E-11 4.194E-11 6.458E-11 1.141E-10 3.388E-10 1.545E-10 2.878E-10 2.365E-10
 1.360E-10 3.209E-10 5.256E-10 9.687E-10 1.372E-09 1.518E-09 1.609E-09 1.806E-09
 2.716E-10 6.196E-10 9.622E-10 2.015E-09 3.089E-09 3.251E-09 3.360E-09 3.692E-09
Sn  50
 2.556E-09 3.123E-10 2.015E-10 3.009E-10 5.869E-10 2.000E-10 7.012E-11 8.146E-11
 6.957E-11 2.051E-10 5.090E-10 9.743E-10 3.332E-09 1.254E-09 7.435E-10 8.063E-10
 3.462E-10 9.819E-10 1.660E-09 2.931E-09 1.184E-08 3.436E-09 7.881E-09 5.546E-09
 2.939E-09 7.002E-09 1.317E-08 2.633E-08 3.555E-08 3.662E-08 3.638E-08 3.982E-08
 5.867E-09 1.346E-08 2.272E-08 5.404E-08 8.383E-08 8.076E-08 7.677E-08 8.173E-08
Sb  51
 1.637E-10 1.242E-11 9.163E-12 1.515E-11 2.919E-11 1.109E-11 5.536E-12 6.483E-12
 5.194E-12 1.400E-11 2.743E-11 5.374E-11 1.735E-10 7.718E-11 5.770E-11 6.456E-11
 2.887E-11 7.474E-11 1.131E-10 1.989E-10 6.553E-10 2.795E-10 5.108E-10 4.237E-10
 2.450E-10 5.745E-10 9.050E-10 1.744E-09 2.384E-09 2.663E-09 2.883E-09 3.251E-09
 4.892E-10 1.112E-09 1.664E-09 3.460E-09 5.337E-09 5.691E-09 5.977E-09 6.628E-09
Te  52
 9.688E-10 1.122E-10 8.344E-11 1.426E-10 2.731E-10 1.276E-10 8.952E-11 1.050E-10
 8.062E-11 2.084E-10 3.417E-10 6.177E-10 1.709E-09 9.851E-10 9.097E-10 1.049E-09
 4.684E-10 1.175E-09 1.695E-09 2.834E-09 6.907E-09 4.451E-09 6.737E-09 6.614E-09
 3.976E-09 9.325E-09 1.398E-08 2.515E-08 3.304E-08 3.977E-08 4.594E-08 5.315E-08
 7.938E-09 1.806E-08 2.634E-08 5.085E-08 7.046E-08 8.247E-08 9.375E-08 1.077E-07
I   53
 5.199E-11 6.732E-12 5.130E-12 8.976E-12 1.632E-11 8.590E-12 6.954E-12 8.100E-12
 6.402E-12 1.623E-11 2.487E-11 4.408E-11 1.079E-10 7.108E-11 7.065E-11 8.142E-11
 3.787E-11 9.351E-11 1.318E-10 2.186E-10 4.681E-10 3.546E-10 4.995E-10 5.131E-10
 3.214E-10 7.503E-10 1.090E-09 1.923E-09 2.534E-09 3.110E-09 3.629E-09 4.196E-09
 6.418E-10 1.455E-09 2.076E-09 3.892E-09 5.286E-09 6.418E-09 7.424E-09 8.519E-09
Xe  54
 1.704E-09 1.194E-10 9.059E-11 1.906E-10 3.868E-10 1.704E-10 9.082E-11 1.081E-10
 8.319E-11 2.180E-10 3.606E-10 6.628E-10 2.184E-09 1.150E-09 9.262E-10 1.071E-09
 4.707E-10 1.206E-09 1.786E-09 2.943E-09 8.078E-09 4.508E-09 7.443E-09 6.799E-09
 3.995E-09 9.409E-09 1.469E-08 2.715E-08 3.391E-08 4.034E-08 4.640E-08 5.365E-08
 7.976E-09 1.819E-08 2.712E-08 5.440E-08 7.287E-08 8.404E-08 9.471E-08 1.086E-07
Cs  55
 8.474E-11 7.364E-12 5.443E-12 1.037E-11 1.887E-11 9.288E-12 6.893E-12 8.091E-12
 6.457E-12 1.662E-11 2.597E-11 4.453E-11 1.179E-10 7.353E-11 7.009E-11 8.094E-11
 3.701E-11 9.367E-11 1.362E-10 2.189E-10 4.943E-10 3.495E-10 5.117E-10 5.103E-10
 3.142E-10 7.378E-10 1.127E-09 2.050E-09 2.515E-09 3.060E-09 3.567E-09 4.136E-09
 6.273E-10 1.427E-09 2.097E-09 4.119E-09 5.283E-09 6.332E-09 7.291E-09 8.381E-09
Ba  56
 3.250E-09 2.820E-10 2.351E-10 4.156E-10 9.354E-10 2.492E-10 9.297E-11 1.114E-10
 1.309E-10 4.160E-10 8.687E-10 9.487E-10 4.979E-09 1.507E-09 9.583E-10 1.094E-09
 4.705E-10 1.720E-09 3.579E-09 5.205E-09 1.571E-08 4.779E-09 9.513E-09 7.300E-09
 3.994E-09 9.855E-09 2.649E-08 6.363E-08 4.716E-08 4.614E-08 4.839E-08 5.416E-08
 7.973E-09 1.847E-08 3.534E-08 1.037E-07 1.111E-07 9.949E-08 9.949E-08 1.100E-07
La  57
 1.923E-10 1.967E-11 1.942E-11 2.783E-11 6.887E-11 1.693E-11 8.987E-12 1.071E-11
 1.297E-11 4.126E-11 8.402E-11 7.216E-11 3.823E-10 1.161E-10 9.132E-11 1.058E-10
 4.651E-11 1.688E-10 3.524E-10 5.189E-10 1.208E-09 4.685E-10 7.671E-10 6.855E-10
 3.948E-10 9.684E-10 2.538E-09 6.280E-09 4.408E-09 4.343E-09 4.703E-09 5.323E-09
 7.881E-10 1.816E-09 3.283E-09 9.399E-09 1.021E-08 9.265E-09 9.570E-09 1.078E-08
Ce  58
 3.158E-10 3.949E-11 5.085E-11 5.427E-11 1.427E-10 3.522E-11 2.315E-11 2.746E-11
 3.790E-11 1.185E-10 2.419E-10 1.714E-10 8.320E-10 2.668E-10 2.332E-10 2.723E-10
 1.206E-10 4.669E-10 1.025E-09 1.490E-09 2.631E-09 1.217E-09 1.779E-09 1.729E-09
 1.024E-09 2.539E-09 7.147E-09 1.833E-08 1.148E-08 1.107E-08 1.216E-08 1.380E-08
 2.043E-09 4.706E-09 8.338E-09 2.333E-08 2.569E-08 2.300E-08 2.446E-08 2.791E-08
Pr  59
 4.382E-11 4.205E-12 5.511E-12 6.105E-12 1.552E-11 4.543E-12 3.382E-12 4.008E-12
 4.744E-12 1.420E-11 2.757E-11 2.221E-11 9.319E-11 3.635E-11 3.418E-11 3.988E-11
 1.794E-11 6.050E-11 1.208E-10 1.813E-10 3.158E-10 1.781E-10 2.488E-10 2.516E-10
 1.522E-10 3.677E-10 8.506E-10 2.155E-09 1.530E-09 1.577E-09 1.776E-09 2.034E-09
 3.040E-10 6.941E-10 1.124E-09 2.840E-09 3.371E-09 3.259E-09 3.584E-09 4.111E-09
Nd  60
 1.894E-10 2.092E-11 3.011E-11 3.352E-11 9.023E-11 2.576E-11 1.835E-11 2.180E-11
 2.645E-11 8.000E-11 1.547E-10 1.203E-10 5.299E-10 2.008E-10 1.845E-10 2.165E-10
 9.636E-11 3.346E-10 6.865E-10 1.014E-09 1.704E-09 9.526E-10 1.336E-09 1.355E-09
 8.180E-10 1.987E-09 4.735E-09 1.166E-08 8.166E-09 8.436E-09 9.577E-09 1.098E-08
 1.633E-09 3.736E-09 6.031E-09 1.501E-08 1.766E-08 1.727E-08 1.923E-08 2.219E-08
Sm  62
 3.573E-11 4.110E-12 6.559E-12 8.226E-12 2.115E-11 7.417E-12 6.064E-12 7.145E-12
 7.051E-12 2.008E-11 3.600E-11 3.550E-11 1.285E-10 6.130E-11 6.100E-11 7.146E-11
 3.250E-11 9.472E-11 1.673E-10 2.738E-10 4.466E-10 3.133E-10 4.180E-10 4.452E-10
 2.759E-10 6.558E-10 1.210E-09 2.714E-09 2.421E-09 2.715E-09 3.169E-09 3.662E-09
 5.508E-10 1.253E-09 1.845E-09 3.871E-09 5.072E-09 5.512E-09 6.382E-09 7.407E-09
Eu  63
 3.857E-12 6.504E-13 9.461E-13 1.386E-12 2.736E-12 1.848E-12 1.967E-12 2.290E-12
 1.927E-12 4.903E-12 7.150E-12 9.971E-12 2.064E-11 1.750E-11 1.980E-11 2.305E-11
 1.113E-11 2.769E-11 3.974E-11 6.642E-11 9.837E-11 1.028E-10 1.263E-10 1.434E-10
 9.444E-11 2.202E-10 3.170E-10 5.874E-10 7.074E-10 8.725E-10 1.037E-09 1.202E-09
 1.886E-10 4.264E-10 5.879E-10 1.051E-09 1.432E-09 1.779E-09 2.114E-09 2.441E-09
Gd  64
 3.587E-11 3.728E-12 6.123E-12 8.066E-12 2.013E-11 8.404E-12 7.532E-12 8.935E-12
 7.709E-12 2.113E-11 3.585E-11 3.974E-11 1.261E-10 7.184E-11 7.542E-11 8.902E-11
 3.902E-11 1.062E-10 1.737E-10 2.934E-10 4.665E-10 3.780E-10 4.983E-10 5.467E-10
 3.313E-10 7.799E-10 1.285E-09 2.782E-09 2.756E-09 3.223E-09 3.846E-09 4.499E-09
 6.613E-10 1.502E-09 2.140E-09 4.199E-09 5.716E-09 6.487E-09 7.704E-09 9.066E-09
Tb  65
 3.293E-12 4.767E-13 7.306E-13 1.034E-12 2.229E-12 1.277E-12 1.294E-12 1.515E-12
 1.283E-12 3.331E-12 5.078E-12 6.642E-12 1.567E-11 1.173E-11 1.299E-11 1.518E-11
 7.177E-12 1.824E-11 2.708E-11 4.555E-11 6.868E-11 6.703E-11 8.373E-11 9.411E-11
 6.090E-11 1.424E-10 2.111E-10 4.094E-10 4.686E-10 5.699E-10 6.767E-10 7.852E-10
 1.216E-10 2.754E-10 3.824E-10 6.973E-10 9.541E-10 1.159E-09 1.375E-09 1.593E-09
Dy  66
 3.904E-11 4.263E-12 6.935E-12 9.086E-12 2.173E-11 9.914E-12 9.175E-12 1.082E-11
 9.412E-12 2.551E-11 4.223E-11 4.815E-11 1.399E-10 8.646E-11 9.196E-11 1.080E-10
 4.848E-11 1.301E-10 2.083E-10 3.512E-10 5.415E-10 4.651E-10 6.035E-10 6.661E-10
 4.116E-10 9.719E-10 1.611E-09 3.432E-09 3.348E-09 3.961E-09 4.725E-09 5.510E-09
 8.216E-10 1.869E-09 2.672E-09 5.205E-09 6.890E-09 8.042E-09 9.501E-09 1.113E-08
Ho  67
 7.301E-12 1.375E-12 2.141E-12 3.001E-12 6.439E-12 3.867E-12 4.002E-12 4.690E-12
 3.878E-12 1.003E-11 1.517E-11 2.015E-11 4.574E-11 3.574E-11 4.018E-11 4.707E-11
 2.203E-11 5.551E-11 8.159E-11 1.382E-10 2.037E-10 2.053E-10 2.559E-10 2.909E-10
 1.870E-10 4.368E-10 6.365E-10 1.195E-09 1.428E-09 1.747E-09 2.084E-09 2.429E-09
 3.733E-10 8.453E-10 1.170E-09 2.098E-09 2.902E-09 3.537E-09 4.228E-09 4.918E-09
Er  68
 3.396E-11 3.238E-12 5.643E-12 7.344E-12 1.903E-11 7.275E-12 6.105E-12 7.280E-12
 6.419E-12 1.799E-11 3.161E-11 3.349E-11 1.153E-10 6.007E-11 6.105E-11 7.229E-11
 3.149E-11 8.783E-11 1.481E-10 2.564E-10 4.049E-10 3.062E-10 4.100E-10 4.436E-10
 2.673E-10 6.319E-10 1.059E-09 2.255E-09 2.302E-09 2.625E-09 3.111E-09 3.637E-09
 5.336E-10 1.214E-09 1.742E-09 3.404E-09 4.774E-09 5.241E-09 6.224E-09 7.323E-09
Tm  69
 4.699E-12 3.669E-13 5.936E-13 8.234E-13 1.850E-12 9.356E-13 8.825E-13 1.041E-12
 9.011E-13 2.391E-12 3.800E-12 4.665E-12 1.236E-11 8.297E-12 8.853E-12 1.038E-11
 4.813E-12 1.261E-11 1.942E-11 3.305E-11 5.066E-11 4.567E-11 5.826E-11 6.410E-11
 4.085E-11 9.600E-11 1.482E-10 2.886E-10 3.243E-10 3.869E-10 4.581E-10 5.321E-10
 8.156E-11 1.851E-10 2.600E-10 4.811E-10 6.611E-10 7.832E-10 9.285E-10 1.078E-09
Yb  70
 7.369E-11 5.553E-12 1.031E-11 1.205E-11 3.375E-11 9.980E-12 6.359E-12 7.640E-12
 8.447E-12 2.565E-11 5.103E-11 4.214E-11 1.901E-10 7.326E-11 6.358E-11 7.524E-11
 3.258E-11 1.082E-10 2.177E-10 3.684E-10 5.800E-10 3.262E-10 4.655E-10 4.669E-10
 2.766E-10 6.694E-10 1.404E-09 3.442E-09 2.777E-09 2.856E-09 3.276E-09 3.770E-09
 5.520E-10 1.266E-09 1.941E-09 4.317E-09 5.849E-09 5.729E-09 6.519E-09 7.597E-09
Lu  71
 6.997E-12 6.650E-13 1.171E-12 1.459E-12 3.825E-12 1.400E-12 1.093E-12 1.291E-12
 1.287E-12 3.649E-12 6.517E-12 6.491E-12 2.293E-11 1.131E-11 1.099E-11 1.288E-11
 5.914E-12 1.728E-11 3.058E-11 5.122E-11 7.869E-11 5.699E-11 7.592E-11 8.042E-11
 5.019E-11 1.205E-10 2.311E-10 5.215E-10 4.415E-10 4.929E-10 5.740E-10 6.617E-10
 1.002E-10 2.291E-10 3.413E-10 7.124E-10 9.109E-10 1.003E-09 1.156E-09 1.339E-09
Hf  72
 4.877E-11 4.219E-12 7.909E-12 8.918E-12 2.659E-11 7.146E-12 3.921E-12 4.712E-12
 6.078E-12 1.896E-11 3.898E-11 2.879E-11 1.463E-10 4.959E-11 3.929E-11 4.639E-11
 2.027E-11 7.489E-11 1.632E-10 2.663E-10 4.177E-10 2.052E-10 3.040E-10 2.916E-10
 1.721E-10 4.248E-10 1.049E-09 2.722E-09 1.887E-09 1.834E-09 2.055E-09 2.335E-09
 3.435E-10 7.907E-10 1.275E-09 3.056E-09 3.968E-09 3.702E-09 4.078E-09 4.711E-09
Ta  73
 8.295E-12 5.811E-13 1.031E-12 1.271E-12 3.436E-12 1.255E-12 9.278E-13 1.095E-12
 1.151E-12 3.261E-12 5.845E-12 5.674E-12 2.045E-11 9.963E-12 9.363E-12 1.092E-11
 5.155E-12 1.524E-11 2.733E-11 4.511E-11 6.927E-11 4.964E-11 6.594E-11 6.852E-11
 4.374E-11 1.043E-10 1.915E-10 4.256E-10 3.879E-10 4.284E-10 4.942E-10 5.654E-10
 8.735E-11 1.987E-10 2.908E-10 5.888E-10 7.959E-10 8.688E-10 9.991E-10 1.147E-09
W   74
 5.212E-11 3.877E-12 7.271E-12 7.930E-12 2.383E-11 6.699E-12 3.572E-12 4.296E-12
 5.751E-12 1.790E-11 3.671E-11 2.633E-11 1.312E-10 4.608E-11 3.588E-11 4.233E-11
 1.858E-11 6.960E-11 1.529E-10 2.457E-10 3.762E-10 1.895E-10 2.792E-10 2.659E-10
 1.577E-10 3.875E-10 9.624E-10 2.476E-09 1.732E-09 1.681E-09 1.882E-09 2.135E-09
 3.149E-10 7.218E-10 1.153E-09 2.742E-09 3.603E-09 3.371E-09 3.734E-09 4.311E-09
Re  75
 1.012E-11 7.444E-13 1.293E-12 1.623E-12 4.199E-12 1.720E-12 1.318E-12 1.556E-12
 1.579E-12 4.414E-12 7.661E-12 7.821E-12 2.575E-11 1.392E-11 1.322E-11 1.542E-11
 7.170E-12 2.097E-11 3.631E-11 6.009E-11 9.211E-11 7.078E-11 9.262E-11 9.644E-11
 6.071E-11 1.467E-10 2.543E-10 5.550E-10 5.369E-10 6.039E-10 6.971E-10 7.965E-10
 1.206E-10 2.812E-10 4.032E-10 7.921E-10 1.085E-09 1.221E-09 1.415E-09 1.618E-09
Os  76
 5.942E-11 7.144E-12 1.199E-11 1.463E-11 3.541E-11 1.917E-11 1.795E-11 2.115E-11
 1.852E-11 4.944E-11 7.983E-11 9.203E-11 2.344E-10 1.677E-10 1.804E-10 2.119E-10
 9.651E-11 2.561E-10 4.064E-10 6.735E-10 9.570E-10 9.169E-10 1.168E-09 1.305E-09
 8.193E-10 1.919E-09 3.021E-09 6.140E-09 6.490E-09 7.787E-09 9.315E-09 1.087E-08
 1.636E-09 3.701E-09 5.184E-09 9.615E-09 1.312E-08 1.565E-08 1.874E-08 2.195E-08
Ir  77
 9.041E-12 4.089E-12 5.710E-12 8.789E-12 1.460E-11 1.472E-11 1.688E-11 1.962E-11
 1.563E-11 3.850E-11 5.215E-11 8.088E-11 1.301E-10 1.446E-10 1.698E-10 1.978E-10
 9.515E-11 2.284E-10 3.099E-10 5.197E-10 7.259E-10 8.761E-10 1.057E-09 1.226E-09
 8.073E-10 1.875E-09 2.538E-09 4.428E-09 5.819E-09 7.399E-09 8.878E-09 1.033E-08
 1.612E-09 3.642E-09 4.945E-09 8.468E-09 1.165E-08 1.502E-08 1.809E-08 2.096E-08
Pt  78
 5.865E-11 1.084E-11 1.756E-11 2.314E-11 5.030E-11 3.621E-11 3.802E-11 4.498E-11
 3.434E-11 8.817E-11 1.310E-10 1.768E-10 3.686E-10 3.324E-10 3.800E-10 4.493E-10
 1.972E-10 4.919E-10 7.128E-10 1.218E-09 1.709E-09 1.880E-09 2.373E-09 2.734E-09
 1.674E-09 3.911E-09 5.609E-09 1.052E-08 1.263E-08 1.580E-08 1.927E-08 2.274E-08
 3.341E-09 7.579E-09 1.043E-08 1.837E-08 2.538E-08 3.158E-08 3.862E-08 4.579E-08
Au  79
 6.544E-12 1.571E-12 2.537E-12 3.316E-12 7.119E-12 5.027E-12 5.224E-12 6.148E-12
 4.928E-12 1.268E-11 1.889E-11 2.533E-11 5.255E-11 4.621E-11 5.225E-11 6.142E-11
 2.812E-11 7.053E-11 1.028E-10 1.750E-10 2.444E-10 2.642E-10 3.293E-10 3.769E-10
 2.387E-10 5.588E-10 8.094E-10 1.506E-09 1.805E-09 2.235E-09 2.689E-09 3.145E-09
 4.765E-10 1.082E-09 1.496E-09 2.638E-09 3.620E-09 4.500E-09 5.431E-09 6.358E-09
Hg  80
 1.064E-10 1.189E-11 2.384E-11 1.989E-11 6.539E-11 2.028E-11 1.052E-11 1.280E-11
 1.772E-11 5.792E-11 1.225E-10 7.863E-11 3.668E-10 1.352E-10 1.041E-10 1.244E-10
 5.211E-11 2.134E-10 4.998E-10 8.075E-10 1.045E-09 5.394E-10 7.901E-10 7.675E-10
 4.428E-10 1.117E-09 2.946E-09 7.878E-09 5.173E-09 4.852E-09 5.404E-09 6.154E-09
 8.830E-10 2.062E-09 3.427E-09 8.068E-09 1.034E-08 9.529E-09 1.059E-08 1.236E-08
Tl  81
 5.572E-11 6.126E-12 1.216E-11 8.151E-12 2.673E-11 9.343E-12 5.447E-12 6.534E-12
 9.967E-12 3.135E-11 6.624E-11 3.954E-11 1.594E-10 6.651E-11 5.449E-11 6.426E-11
 2.851E-11 1.157E-10 2.732E-10 4.177E-10 4.854E-10 2.918E-10 3.982E-10 4.001E-10
 2.420E-10 6.015E-10 1.616E-09 4.507E-09 2.730E-09 2.598E-09 2.887E-09 3.267E-09
 4.832E-10 1.107E-09 1.753E-09 4.082E-09 5.380E-09 5.158E-09 5.694E-09 6.587E-09
Pb  82
 3.221E-10 4.503E-10 7.906E-10 2.868E-10 5.420E-10 2.010E-10 8.544E-11 9.068E-11
 5.445E-10 1.553E-09 5.181E-09 2.533E-09 6.455E-09 2.012E-09 7.856E-10 8.824E-10
 3.901E-10 3.050E-09 1.152E-08 3.006E-08 2.529E-08 4.734E-09 5.834E-09 5.504E-09
 3.312E-09 8.008E-09 1.787E-08 6.711E-08 4.791E-08 4.187E-08 4.115E-08 4.477E-08
 6.611E-09 1.504E-08 2.162E-08 4.296E-08 6.844E-08 6.874E-08 7.767E-08 9.005E-08
Bi  83
 2.462E-12 1.211E-11 2.500E-11 1.640E-11 2.519E-11 1.171E-11 4.958E-12 5.191E-12
 1.075E-11 3.706E-11 1.477E-10 1.365E-10 3.438E-10 1.160E-10 4.541E-11 5.082E-11
 2.263E-11 8.276E-11 2.448E-10 1.123E-09 1.386E-09 2.538E-10 3.206E-10 3.155E-10
 1.921E-10 4.492E-10 6.280E-10 1.494E-09 1.970E-09 2.132E-09 2.272E-09 2.577E-09
 3.835E-10 8.709E-10 1.204E-09 2.078E-09 3.067E-09 3.704E-09 4.427E-09 5.187E-09
