 80  5  4
 1.00E-04 1.00E-03 6.00E-03 1.00E-02 2.00E-02
 1.20E+01 1.50E+01 2.00E+01 2.50E+01
H    1
 3.151E-02 1.814E-02 1.745E-02 2.983E-02
 6.066E-02 8.919E-02 1.894E-01 3.036E-01
 9.403E-01 6.761E-01 1.024E+00 3.020E+00
 7.391E-01 1.169E+00 1.997E+00 3.643E+00
 6.172E-01 1.916E+00 3.056E+00 7.642E+00
He   2
 1.157E-02 6.900E-03 5.771E-03 9.866E-03
 2.239E-02 3.434E-02 7.047E-02 1.059E-01
 3.425E-01 2.528E-01 4.026E-01 1.300E+00
 2.990E-01 4.512E-01 8.621E-01 1.579E+00
 2.722E-01 8.734E-01 1.453E+00 4.300E+00
Li   3
 1.906E-15 1.256E-15 1.768E-15 3.022E-15
 4.300E-14 6.070E-14 1.947E-13 2.484E-13
 3.209E-12 2.213E-12 2.518E-12 3.638E-12
 1.739E-11 2.674E-11 2.689E-11 9.862E-11
 2.176E-11 4.857E-11 1.755E-10 6.616E-11
B    5
 1.232E-13 7.159E-14 6.638E-14 1.135E-13
 2.376E-12 3.535E-12 7.436E-12 1.172E-11
 2.213E-10 1.603E-10 2.461E-10 7.454E-10
 1.497E-09 2.337E-09 4.124E-09 7.532E-09
 2.592E-09 8.129E-09 1.314E-08 3.480E-08
C    6
 4.031E-07 2.472E-07 2.913E-07 4.980E-07
 8.764E-06 1.276E-05 2.746E-05 4.976E-05
 8.208E-04 6.027E-04 9.658E-04 2.674E-03
 1.410E-03 2.508E-03 4.157E-03 7.461E-03
 2.343E-03 8.107E-03 1.280E-02 2.894E-02
N    7
 4.301E-07 2.674E-07 2.471E-08 4.223E-08
 6.316E-06 1.181E-05 2.128E-05 1.359E-05
 4.761E-04 3.737E-04 6.480E-04 3.183E-03
 1.435E-03 1.584E-03 3.874E-03 7.550E-03
 2.661E-03 7.394E-03 1.311E-02 5.054E-02
O    8
 2.939E-06 1.671E-06 1.721E-06 2.942E-06
 5.764E-05 8.334E-05 1.786E-04 2.954E-04
 5.491E-03 3.932E-03 5.899E-03 1.680E-02
 4.602E-03 7.522E-03 1.240E-02 2.227E-02
 7.894E-03 2.483E-02 3.922E-02 9.239E-02
F    9
 2.166E-11 1.246E-11 1.304E-11 2.229E-11
 4.337E-10 6.232E-10 1.348E-09 2.235E-09
 4.158E-08 2.971E-08 4.398E-08 1.236E-07
 2.659E-07 4.337E-07 6.936E-07 1.269E-06
 4.508E-07 1.418E-06 2.200E-06 4.983E-06
Ne  10
 2.461E-07 1.412E-07 1.371E-07 2.344E-07
 4.857E-06 7.177E-06 1.514E-05 2.406E-05
 4.566E-04 3.305E-04 5.063E-04 1.527E-03
 1.025E-03 1.605E-03 2.813E-03 5.130E-03
 1.771E-03 5.560E-03 8.969E-03 2.355E-02
Na  11
 8.330E-09 4.204E-09 9.296E-10 1.589E-09
 9.281E-08 1.895E-07 3.476E-07 3.042E-07
 3.741E-06 2.933E-06 5.835E-06 2.409E-05
 2.932E-05 3.986E-05 9.091E-05 1.728E-04
 5.319E-05 1.624E-04 2.813E-04 9.633E-04
Mg  12
 7.500E-08 4.634E-08 3.896E-08 6.660E-08
 1.394E-06 2.074E-06 4.368E-06 6.894E-06
 1.299E-04 9.408E-05 1.445E-04 4.374E-04
 3.944E-04 6.154E-04 1.086E-03 1.984E-03
 6.827E-04 2.141E-03 3.461E-03 9.169E-03
Al  13
 3.202E-09 1.937E-09 1.506E-09 2.575E-09
 5.495E-08 8.352E-08 1.764E-07 2.730E-07
 5.025E-06 3.642E-06 5.610E-06 1.709E-05
 3.400E-05 5.307E-05 9.388E-05 1.717E-04
 5.883E-05 1.846E-04 2.986E-04 7.922E-04
Si  14
 6.802E-08 3.953E-08 3.666E-08 6.266E-08
 1.312E-06 1.952E-06 4.106E-06 6.470E-06
 1.222E-04 8.851E-05 1.359E-04 4.116E-04
 4.253E-04 6.637E-04 1.171E-03 2.139E-03
 7.362E-04 2.309E-03 3.732E-03 9.884E-03
P   15
 3.118E-10 1.822E-10 1.652E-10 2.823E-10
 5.923E-09 8.818E-09 1.854E-08 2.918E-08
 5.508E-07 3.989E-07 6.127E-07 1.856E-06
 3.727E-06 5.815E-06 1.027E-05 1.875E-05
 6.450E-06 2.023E-05 3.270E-05 8.663E-05
S   16
 4.806E-08 2.793E-08 2.590E-08 4.427E-08
 9.272E-07 1.379E-06 2.901E-06 4.571E-06
 8.636E-05 6.254E-05 9.604E-05 2.908E-04
 2.220E-04 3.464E-04 6.114E-04 1.116E-03
 3.842E-04 1.205E-03 1.948E-03 5.158E-03
Cl  17
 3.936E-10 2.288E-10 2.121E-10 3.626E-10
 7.595E-09 1.130E-08 2.376E-08 3.744E-08
 7.073E-07 5.122E-07 7.866E-07 2.382E-06
 4.785E-06 7.468E-06 1.318E-05 2.407E-05
 8.283E-06 2.598E-05 4.199E-05 1.112E-04
Ar  18
 7.738E-09 4.498E-09 4.170E-09 7.129E-09
 1.493E-07 2.221E-07 4.671E-07 7.361E-07
 1.391E-05 1.007E-05 1.546E-05 4.683E-05
 5.127E-05 8.001E-05 1.412E-04 2.579E-04
 8.875E-05 2.784E-04 4.499E-04 1.192E-03
K   19
 1.810E-10 1.052E-10 9.753E-11 1.667E-10
 3.492E-09 5.194E-09 1.093E-08 1.721E-08
 3.252E-07 2.355E-07 3.616E-07 1.095E-06
 2.200E-06 3.433E-06 6.060E-06 1.107E-05
 3.808E-06 1.194E-05 1.931E-05 5.113E-05
Ca  20
 5.303E-09 3.082E-09 2.858E-09 4.885E-09
 1.023E-07 1.522E-07 3.201E-07 5.044E-07
 9.529E-06 6.901E-06 1.060E-05 3.209E-05
 3.919E-05 6.116E-05 1.079E-04 1.971E-04
 6.784E-05 2.128E-04 3.439E-04 9.108E-04
Sc  21
 2.335E-12 1.357E-12 1.258E-12 2.151E-12
 4.505E-11 6.701E-11 1.410E-10 2.221E-10
 4.196E-09 3.038E-09 4.666E-09 1.413E-08
 2.838E-08 4.430E-08 7.818E-08 1.428E-07
 4.913E-08 1.541E-07 2.491E-07 6.597E-07
Ti  22
 2.777E-10 1.614E-10 1.497E-10 2.558E-10
 5.358E-09 7.970E-09 1.676E-08 2.642E-08
 4.990E-07 3.614E-07 5.550E-07 1.681E-06
 2.140E-06 3.339E-06 5.894E-06 1.076E-05
 3.704E-06 1.162E-05 1.878E-05 4.973E-05
V   23
 1.789E-11 1.040E-11 9.641E-12 1.648E-11
 3.452E-10 5.134E-10 1.080E-09 1.702E-09
 3.215E-08 2.328E-08 3.575E-08 1.083E-07
 2.175E-07 3.394E-07 5.990E-07 1.094E-06
 3.764E-07 1.181E-06 1.909E-06 5.054E-06
Cr  24
 8.541E-10 4.964E-10 4.603E-10 7.868E-10
 1.648E-08 2.451E-08 5.156E-08 8.124E-08
 1.535E-06 1.111E-06 1.707E-06 5.169E-06
 1.038E-05 1.620E-05 2.860E-05 5.223E-05
 1.797E-05 5.637E-05 9.112E-05 2.413E-04
Mn  25
 4.736E-10 2.753E-10 2.552E-10 4.363E-10
 9.137E-09 1.359E-08 2.859E-08 4.505E-08
 8.510E-07 6.163E-07 9.464E-07 2.866E-06
 5.757E-06 8.985E-06 1.586E-05 2.896E-05
 9.966E-06 3.126E-05 5.053E-05 1.338E-04
Fe  26
 6.202E-08 3.605E-08 3.342E-08 5.714E-08
 1.197E-06 1.780E-06 3.744E-06 5.899E-06
 1.114E-04 8.071E-05 1.239E-04 3.753E-04
 7.540E-04 1.177E-03 2.077E-03 3.792E-03
 1.305E-03 4.093E-03 6.617E-03 1.752E-02
Co  27
 1.721E-10 1.001E-10 9.277E-11 1.586E-10
 3.321E-09 4.940E-09 1.039E-08 1.637E-08
 3.093E-07 2.240E-07 3.440E-07 1.042E-06
 2.093E-06 3.266E-06 5.764E-06 1.053E-05
 3.622E-06 1.136E-05 1.837E-05 4.864E-05
Ni  28
 3.665E-09 2.130E-09 1.975E-09 3.377E-09
 7.072E-08 1.052E-07 2.213E-07 3.487E-07
 6.587E-06 4.770E-06 7.325E-06 2.218E-05
 4.456E-05 6.954E-05 1.227E-04 2.241E-04
 7.713E-05 2.419E-04 3.910E-04 1.036E-03
Cu  29
 4.155E-11 2.415E-11 2.239E-11 3.828E-11
 8.017E-10 1.193E-09 2.509E-09 3.953E-09
 7.467E-08 5.407E-08 8.304E-08 2.515E-07
 5.052E-07 7.884E-07 1.391E-06 2.541E-06
 8.744E-07 2.743E-06 4.433E-06 1.174E-05
Zn  30
 1.026E-10 5.962E-11 5.528E-11 9.451E-11
 1.979E-09 2.944E-09 6.193E-09 9.758E-09
 1.843E-07 1.335E-07 2.050E-07 6.208E-07
 1.247E-06 1.946E-06 3.435E-06 6.273E-06
 2.159E-06 6.771E-06 1.094E-05 2.898E-05
Ga  31
 3.303E-12 1.920E-12 1.780E-12 3.043E-12
 6.372E-11 9.479E-11 1.994E-10 3.142E-10
 5.935E-09 4.298E-09 6.600E-09 1.999E-08
 4.015E-08 6.266E-08 1.106E-07 2.020E-07
 6.950E-08 2.180E-07 3.524E-07 9.332E-07
Ge  32
 1.087E-11 6.320E-12 5.860E-12 1.002E-11
 2.098E-10 3.121E-10 6.565E-10 1.034E-09
 1.954E-08 1.415E-08 2.173E-08 6.580E-08
 1.322E-07 2.063E-07 3.641E-07 6.649E-07
 2.288E-07 7.177E-07 1.160E-06 3.072E-06
As  33
 6.168E-13 3.585E-13 3.324E-13 5.682E-13
 1.190E-11 1.770E-11 3.723E-11 5.867E-11
 1.108E-09 8.026E-10 1.232E-09 3.732E-09
 7.498E-09 1.170E-08 2.065E-08 3.771E-08
 1.298E-08 4.071E-08 6.580E-08 1.743E-07
Se  34
 6.207E-12 3.608E-12 3.345E-12 5.719E-12
 1.198E-10 1.781E-10 3.747E-10 5.904E-10
 1.115E-08 8.078E-09 1.240E-08 3.756E-08
 7.546E-08 1.178E-07 2.079E-07 3.796E-07
 1.306E-07 4.097E-07 6.622E-07 1.754E-06
Br  35
 1.197E-12 6.957E-13 6.450E-13 1.103E-12
 2.309E-11 3.435E-11 7.226E-11 1.139E-10
 2.151E-09 1.558E-09 2.392E-09 7.243E-09
 1.455E-08 2.271E-08 4.008E-08 7.319E-08
 2.519E-08 7.900E-08 1.277E-07 3.382E-07
Kr  36
 4.997E-12 2.904E-12 2.693E-12 4.604E-12
 9.641E-11 1.434E-10 3.017E-10 4.753E-10
 8.980E-09 6.503E-09 9.986E-09 3.024E-08
 6.075E-08 9.481E-08 1.673E-07 3.056E-07
 1.052E-07 3.298E-07 5.331E-07 1.412E-06
Rb  37
 7.714E-13 4.484E-13 4.157E-13 7.107E-13
 1.488E-11 2.214E-11 4.657E-11 7.338E-11
 1.386E-09 1.004E-09 1.542E-09 4.668E-09
 9.378E-09 1.464E-08 2.583E-08 4.717E-08
 1.623E-08 5.091E-08 8.230E-08 2.180E-07
Sr  38
 2.619E-12 1.522E-12 1.411E-12 2.412E-12
 5.052E-11 7.515E-11 1.581E-10 2.491E-10
 4.706E-09 3.408E-09 5.233E-09 1.585E-08
 3.183E-08 4.968E-08 8.769E-08 1.601E-07
 5.511E-08 1.728E-07 2.794E-07 7.399E-07
Y   39
 5.302E-13 3.082E-13 2.857E-13 4.884E-13
 1.023E-11 1.522E-11 3.201E-11 5.043E-11
 9.528E-10 6.899E-10 1.060E-09 3.208E-09
 6.445E-09 1.006E-08 1.775E-08 3.242E-08
 1.116E-08 3.499E-08 5.656E-08 1.498E-07
Zr  40
 1.305E-12 7.585E-13 7.033E-13 1.202E-12
 2.518E-11 3.745E-11 7.878E-11 1.241E-10
 2.345E-09 1.698E-09 2.608E-09 7.897E-09
 1.586E-08 2.476E-08 4.370E-08 7.980E-08
 2.746E-08 8.613E-08 1.392E-07 3.687E-07
Nb  41
 8.195E-14 4.763E-14 4.416E-14 7.549E-14
 1.581E-12 2.352E-12 4.947E-12 7.795E-12
 1.473E-10 1.066E-10 1.638E-10 4.959E-10
 9.962E-10 1.555E-09 2.744E-09 5.011E-09
 1.724E-09 5.409E-09 8.742E-09 2.315E-08
Mo  42
 3.072E-13 1.786E-13 1.656E-13 2.830E-13
 5.927E-12 8.816E-12 1.855E-11 2.922E-11
 5.521E-10 3.998E-10 6.139E-10 1.859E-09
 3.735E-09 5.828E-09 1.029E-08 1.879E-08
 6.465E-09 2.028E-08 3.277E-08 8.680E-08
Ru  44
 2.399E-13 1.394E-13 1.293E-13 2.210E-13
 4.629E-12 6.885E-12 1.448E-11 2.282E-11
 4.311E-10 3.122E-10 4.794E-10 1.452E-09
 2.917E-09 4.552E-09 8.033E-09 1.467E-08
 5.048E-09 1.583E-08 2.560E-08 6.778E-08
Rh  45
 4.549E-14 2.644E-14 2.451E-14 4.190E-14
 8.776E-13 1.305E-12 2.746E-12 4.327E-12
 8.174E-11 5.919E-11 9.090E-11 2.753E-10
 5.530E-10 8.630E-10 1.523E-09 2.781E-09
 9.572E-10 3.002E-09 4.853E-09 1.285E-08
Pd  46
 1.873E-13 1.088E-13 1.009E-13 1.725E-13
 3.613E-12 5.374E-12 1.130E-11 1.781E-11
 3.365E-10 2.437E-10 3.742E-10 1.133E-09
 2.276E-09 3.553E-09 6.270E-09 1.145E-08
 3.940E-09 1.236E-08 1.998E-08 5.291E-08
Ag  47
 6.582E-14 3.825E-14 3.547E-14 6.063E-14
 1.270E-12 1.889E-12 3.973E-12 6.260E-12
 1.183E-10 8.564E-11 1.315E-10 3.983E-10
 8.001E-10 1.249E-09 2.204E-09 4.024E-09
 1.385E-09 4.344E-09 7.021E-09 1.859E-08
Cd  48
 2.324E-13 1.351E-13 1.252E-13 2.141E-13
 4.484E-12 6.669E-12 1.403E-11 2.211E-11
 4.176E-10 3.024E-10 4.644E-10 1.406E-09
 2.825E-09 4.409E-09 7.782E-09 1.421E-08
 4.890E-09 1.534E-08 2.479E-08 6.566E-08
In  49
 2.663E-14 1.548E-14 1.435E-14 2.454E-14
 5.139E-13 7.643E-13 1.608E-12 2.533E-12
 4.786E-11 3.466E-11 5.322E-11 1.612E-10
 3.238E-10 5.053E-10 8.918E-10 1.629E-09
 5.604E-10 1.758E-09 2.841E-09 7.525E-09
Sn  50
 5.753E-13 3.344E-13 3.100E-13 5.300E-13
 1.110E-11 1.651E-11 3.473E-11 5.472E-11
 1.034E-09 7.486E-10 1.150E-09 3.481E-09
 6.994E-09 1.091E-08 1.926E-08 3.518E-08
 1.211E-08 3.797E-08 6.138E-08 1.625E-07
Sb  51
 4.796E-14 2.788E-14 2.585E-14 4.418E-14
 9.254E-13 1.376E-12 2.895E-12 4.562E-12
 8.619E-11 6.241E-11 9.584E-11 2.902E-10
 5.830E-10 9.099E-10 1.606E-09 2.933E-09
 1.009E-09 3.166E-09 5.117E-09 1.355E-08
Te  52
 7.784E-13 4.524E-13 4.195E-13 7.171E-13
 1.502E-11 2.234E-11 4.699E-11 7.404E-11
 1.399E-09 1.013E-09 1.555E-09 4.710E-09
 9.462E-09 1.477E-08 2.606E-08 4.759E-08
 1.638E-08 5.137E-08 8.304E-08 2.199E-07
I   53
 6.293E-14 3.657E-14 3.391E-14 5.797E-14
 1.214E-12 1.806E-12 3.799E-12 5.986E-12
 1.131E-10 8.189E-11 1.258E-10 3.808E-10
 7.650E-10 1.194E-09 2.107E-09 3.848E-09
 1.324E-09 4.153E-09 6.714E-09 1.778E-08
Xe  54
 7.820E-13 4.545E-13 4.215E-13 7.204E-13
 1.509E-11 2.244E-11 4.721E-11 7.439E-11
 1.405E-09 1.018E-09 1.563E-09 4.732E-09
 9.507E-09 1.484E-08 2.619E-08 4.782E-08
 1.646E-08 5.162E-08 8.343E-08 2.209E-07
Cs  55
 6.150E-14 3.575E-14 3.315E-14 5.666E-14
 1.187E-12 1.765E-12 3.713E-12 5.850E-12
 1.105E-10 8.003E-11 1.229E-10 3.722E-10
 7.477E-10 1.167E-09 2.059E-09 3.761E-09
 1.294E-09 4.059E-09 6.561E-09 1.738E-08
Ba  56
 7.818E-13 4.544E-13 4.213E-13 7.202E-13
 1.508E-11 2.244E-11 4.720E-11 7.437E-11
 1.405E-09 1.017E-09 1.562E-09 4.731E-09
 9.504E-09 1.483E-08 2.618E-08 4.781E-08
 1.645E-08 5.160E-08 8.341E-08 2.209E-07
La  57
 7.728E-14 4.491E-14 4.165E-14 7.119E-14
 1.491E-12 2.218E-12 4.665E-12 7.351E-12
 1.389E-10 1.006E-10 1.544E-10 4.676E-10
 9.394E-10 1.466E-09 2.588E-09 4.725E-09
 1.626E-09 5.101E-09 8.244E-09 2.183E-08
Ce  58
 2.004E-13 1.165E-13 1.080E-13 1.846E-13
 3.866E-12 5.750E-12 1.210E-11 1.906E-11
 3.601E-10 2.607E-10 4.004E-10 1.213E-09
 2.436E-09 3.801E-09 6.709E-09 1.225E-08
 4.216E-09 1.322E-08 2.138E-08 5.661E-08
Pr  59
 2.980E-14 1.732E-14 1.606E-14 2.746E-14
 5.750E-13 8.553E-13 1.799E-12 2.835E-12
 5.356E-11 3.878E-11 5.956E-11 1.804E-10
 3.623E-10 5.654E-10 9.980E-10 1.822E-09
 6.271E-10 1.967E-09 3.180E-09 8.420E-09
Nd  60
 1.601E-13 9.306E-14 8.629E-14 1.475E-13
 3.089E-12 4.595E-12 9.666E-12 1.523E-11
 2.877E-10 2.084E-10 3.200E-10 9.689E-10
 1.946E-09 3.038E-09 5.362E-09 9.791E-09
 3.369E-09 1.057E-08 1.708E-08 4.524E-08
Sm  62
 5.401E-14 3.139E-14 2.910E-14 4.975E-14
 1.042E-12 1.550E-12 3.260E-12 5.137E-12
 9.705E-11 7.028E-11 1.079E-10 3.268E-10
 6.565E-10 1.025E-09 1.808E-09 3.302E-09
 1.136E-09 3.564E-09 5.761E-09 1.526E-08
Eu  63
 1.849E-14 1.075E-14 9.967E-15 1.704E-14
 3.568E-13 5.307E-13 1.116E-12 1.759E-12
 3.323E-11 2.407E-11 3.696E-11 1.119E-10
 2.248E-10 3.509E-10 6.192E-10 1.131E-09
 3.892E-10 1.221E-09 1.973E-09 5.225E-09
Gd  64
 6.484E-14 3.769E-14 3.494E-14 5.974E-14
 1.251E-12 1.861E-12 3.914E-12 6.168E-12
 1.165E-10 8.438E-11 1.296E-10 3.924E-10
 7.882E-10 1.230E-09 2.171E-09 3.965E-09
 1.364E-09 4.280E-09 6.918E-09 1.832E-08
Tb  65
 1.192E-14 6.931E-15 6.426E-15 1.099E-14
 2.301E-13 3.422E-13 7.199E-13 1.134E-12
 2.143E-11 1.552E-11 2.383E-11 7.216E-11
 1.450E-10 2.262E-10 3.993E-10 7.292E-10
 2.509E-10 7.870E-10 1.272E-09 3.369E-09
Dy  66
 8.056E-14 4.682E-14 4.341E-14 7.421E-14
 1.554E-12 2.312E-12 4.863E-12 7.662E-12
 1.448E-10 1.048E-10 1.610E-10 4.875E-10
 9.793E-10 1.528E-09 2.697E-09 4.926E-09
 1.695E-09 5.317E-09 8.594E-09 2.276E-08
Ho  67
 3.661E-14 2.128E-14 1.973E-14 3.372E-14
 7.063E-13 1.051E-12 2.210E-12 3.482E-12
 6.578E-11 4.764E-11 7.315E-11 2.215E-10
 4.450E-10 6.945E-10 1.226E-09 2.238E-09
 7.703E-10 2.416E-09 3.905E-09 1.034E-08
Er  68
 5.232E-14 3.041E-14 2.819E-14 4.820E-14
 1.009E-12 1.501E-12 3.158E-12 4.976E-12
 9.401E-11 6.808E-11 1.045E-10 3.166E-10
 6.360E-10 9.925E-10 1.752E-09 3.199E-09
 1.101E-09 3.453E-09 5.581E-09 1.478E-08
Tm  69
 7.997E-15 4.648E-15 4.310E-15 7.367E-15
 1.543E-13 2.295E-13 4.828E-13 7.607E-13
 1.437E-11 1.041E-11 1.598E-11 4.839E-11
 9.722E-11 1.517E-10 2.678E-10 4.890E-10
 1.683E-10 5.278E-10 8.532E-10 2.259E-09
Yb  70
 5.412E-14 3.145E-14 2.917E-14 4.986E-14
 1.044E-12 1.553E-12 3.267E-12 5.148E-12
 9.725E-11 7.042E-11 1.081E-10 3.275E-10
 6.579E-10 1.027E-09 1.812E-09 3.309E-09
 1.139E-09 3.572E-09 5.774E-09 1.529E-08
Lu  71
 9.835E-15 5.716E-15 5.300E-15 9.060E-15
 1.897E-13 2.822E-13 5.937E-13 9.355E-13
 1.767E-11 1.280E-11 1.965E-11 5.951E-11
 1.196E-10 1.866E-10 3.293E-10 6.014E-10
 2.069E-10 6.491E-10 1.049E-09 2.779E-09
Hf  72
 3.367E-14 1.957E-14 1.815E-14 3.102E-14
 6.497E-13 9.663E-13 2.033E-12 3.203E-12
 6.051E-11 4.382E-11 6.729E-11 2.038E-10
 4.093E-10 6.388E-10 1.127E-09 2.059E-09
 7.085E-10 2.222E-09 3.592E-09 9.513E-09
Ta  73
 8.565E-15 4.978E-15 4.616E-15 7.890E-15
 1.653E-13 2.458E-13 5.171E-13 8.147E-13
 1.539E-11 1.115E-11 1.712E-11 5.183E-11
 1.041E-10 1.625E-10 2.868E-10 5.237E-10
 1.802E-10 5.652E-10 9.137E-10 2.420E-09
W   74
 3.088E-14 1.794E-14 1.664E-14 2.844E-14
 5.957E-13 8.861E-13 1.864E-12 2.937E-12
 5.548E-11 4.018E-11 6.170E-11 1.868E-10
 3.753E-10 5.858E-10 1.034E-09 1.888E-09
 6.497E-10 2.038E-09 3.294E-09 8.723E-09
Re  75
 1.233E-14 7.177E-15 6.557E-15 1.121E-14
 2.370E-13 3.537E-13 7.415E-13 1.161E-12
 2.191E-11 1.590E-11 2.450E-11 7.457E-11
 1.486E-10 2.317E-10 4.117E-10 7.521E-10
 2.564E-10 8.076E-10 1.310E-09 3.501E-09
Os  76
 1.600E-13 9.295E-14 8.629E-14 1.475E-13
 3.087E-12 4.590E-12 9.659E-12 1.523E-11
 2.877E-10 2.083E-10 3.198E-10 9.680E-10
 1.946E-09 3.037E-09 5.357E-09 9.782E-09
 3.369E-09 1.056E-08 1.707E-08 4.517E-08
Ir  77
 1.581E-13 9.189E-14 8.520E-14 1.456E-13
 3.050E-12 4.537E-12 9.544E-12 1.504E-11
 2.841E-10 2.057E-10 3.159E-10 9.567E-10
 1.922E-09 2.999E-09 5.294E-09 9.667E-09
 3.327E-09 1.043E-08 1.687E-08 4.467E-08
Pt  78
 3.276E-13 1.904E-13 1.765E-13 3.018E-13
 6.321E-12 9.401E-12 1.978E-11 3.116E-11
 5.887E-10 4.263E-10 6.546E-10 1.982E-09
 3.982E-09 6.215E-09 1.097E-08 2.003E-08
 6.893E-09 2.162E-08 3.495E-08 9.256E-08
Au  79
 4.672E-14 2.715E-14 2.518E-14 4.304E-14
 9.014E-13 1.341E-12 2.821E-12 4.444E-12
 8.396E-11 6.080E-11 9.337E-11 2.827E-10
 5.680E-10 8.864E-10 1.564E-09 2.857E-09
 9.831E-10 3.084E-09 4.984E-09 1.320E-08
Hg  80
 8.659E-14 5.032E-14 4.666E-14 7.977E-14
 1.671E-12 2.485E-12 5.227E-12 8.236E-12
 1.556E-10 1.127E-10 1.730E-10 5.240E-10
 1.053E-09 1.643E-09 2.899E-09 5.294E-09
 1.822E-09 5.715E-09 9.237E-09 2.446E-08
Tl  81
 4.738E-14 2.753E-14 2.553E-14 4.364E-14
 9.140E-13 1.360E-12 2.860E-12 4.506E-12
 8.513E-11 6.165E-11 9.467E-11 2.867E-10
 5.759E-10 8.988E-10 1.586E-09 2.897E-09
 9.969E-10 3.127E-09 5.054E-09 1.338E-08
Pb  82
 6.482E-13 3.768E-13 3.493E-13 5.972E-13
 1.251E-11 1.860E-11 3.913E-11 6.166E-11
 1.165E-09 8.435E-10 1.295E-09 3.923E-09
 7.880E-09 1.230E-08 2.171E-08 3.964E-08
 1.364E-08 4.278E-08 6.916E-08 1.831E-07
Bi  83
 3.760E-14 2.185E-14 2.026E-14 3.464E-14
 7.255E-13 1.079E-12 2.270E-12 3.577E-12
 6.757E-11 4.893E-11 7.514E-11 2.275E-10
 4.571E-10 7.134E-10 1.259E-09 2.299E-09
 7.912E-10 2.482E-09 4.011E-09 1.062E-08
